# unix_time, cycles_done, cur_path, paths_total, pending_total, pending_favs, map_size, unique_crashes, unique_hangs, max_depth, execs_per_sec
1676199515, 0, 0, 1, 1, 1, 0.32%, 0, 0, 1, 70.18
1676199521, 0, 0, 26, 26, 1, 0.40%, 0, 0, 2, 110.56
1676199526, 0, 0, 41, 41, 1, 0.44%, 0, 0, 2, 118.27
1676199531, 0, 0, 53, 53, 1, 0.44%, 0, 0, 2, 120.43
1676199536, 0, 0, 57, 57, 1, 0.44%, 0, 0, 2, 120.70
1676199546, 0, 0, 62, 62, 1, 0.49%, 0, 0, 2, 120.65
1676199566, 0, 0, 63, 63, 1, 0.49%, 0, 0, 2, 120.68
1676199581, 0, 0, 64, 64, 1, 0.49%, 0, 0, 2, 120.44
1676199597, 0, 0, 65, 65, 1, 0.50%, 0, 0, 2, 120.61
1676199688, 0, 0, 79, 79, 1, 0.52%, 0, 0, 2, 122.37
1676199693, 0, 0, 97, 97, 1, 0.52%, 1, 0, 2, 124.13
1676199699, 0, 0, 108, 108, 1, 0.52%, 1, 0, 2, 124.43
1676199704, 0, 0, 113, 113, 1, 0.52%, 1, 0, 2, 124.88
1676199709, 0, 0, 115, 115, 1, 0.52%, 1, 0, 2, 124.76
1676199714, 0, 0, 116, 116, 1, 0.52%, 1, 0, 2, 124.59
1676199719, 0, 0, 117, 117, 1, 0.52%, 1, 0, 2, 123.98
1676199734, 0, 0, 119, 119, 1, 0.52%, 1, 0, 2, 124.90
1676199740, 0, 0, 120, 120, 1, 0.52%, 1, 0, 2, 125.03
1676199750, 0, 0, 122, 122, 1, 0.52%, 1, 0, 2, 124.40
1676199760, 0, 0, 124, 124, 1, 0.52%, 1, 0, 2, 124.76
1676199765, 0, 0, 125, 125, 1, 0.52%, 1, 0, 2, 124.61
1676199770, 0, 0, 126, 126, 1, 0.52%, 1, 0, 2, 124.73
1676199775, 0, 0, 128, 128, 1, 0.52%, 1, 0, 2, 124.78
1676199780, 0, 0, 129, 129, 1, 0.52%, 1, 0, 2, 124.48
1676199806, 0, 0, 131, 131, 1, 0.52%, 1, 0, 2, 124.64
1676199816, 0, 0, 133, 133, 1, 0.52%, 1, 0, 2, 124.74
1676199821, 0, 0, 134, 134, 1, 0.52%, 1, 0, 2, 125.09
1676199832, 0, 0, 135, 135, 1, 0.52%, 1, 0, 2, 124.90
1676199852, 0, 0, 136, 136, 1, 0.52%, 1, 0, 2, 125.16
1676199928, 0, 0, 137, 137, 1, 0.52%, 1, 0, 2, 125.03
1676199949, 0, 0, 138, 138, 1, 0.52%, 1, 0, 2, 124.46
1676199959, 0, 39, 138, 137, 16, 0.52%, 1, 0, 2, 120.99
