# unix_time, cycles_done, cur_path, paths_total, pending_total, pending_favs, map_size, unique_crashes, unique_hangs, max_depth, execs_per_sec
1676167281, 0, 0, 1, 1, 1, 0.10%, 0, 0, 1, 85.11
1676167286, 0, 0, 4, 4, 1, 0.12%, 0, 0, 2, 98.54
1676167296, 0, 0, 7, 7, 1, 0.18%, 0, 0, 2, 104.69
1676167301, 0, 0, 10, 10, 1, 0.19%, 0, 0, 2, 104.82
1676167306, 0, 0, 12, 12, 1, 0.23%, 0, 0, 2, 107.76
1676167311, 0, 0, 13, 13, 1, 0.23%, 0, 0, 2, 107.23
1676167317, 0, 0, 14, 14, 1, 0.23%, 0, 0, 2, 105.90
1676167327, 0, 0, 15, 15, 1, 0.23%, 0, 0, 2, 104.57
1676167332, 0, 0, 16, 16, 1, 0.23%, 0, 0, 2, 87.89
1676167337, 0, 0, 17, 17, 1, 0.23%, 0, 0, 2, 54.59
1676167362, 0, 0, 18, 18, 1, 0.24%, 0, 0, 2, 90.69
1676167494, 0, 0, 19, 19, 1, 0.24%, 0, 0, 2, 106.47
1676167545, 0, 0, 20, 20, 1, 0.24%, 0, 0, 2, 102.94
1676167626, 0, 17, 20, 19, 13, 0.24%, 0, 0, 2, 102.29
1676167636, 0, 17, 21, 20, 13, 0.24%, 0, 0, 3, 98.80
1676167641, 0, 17, 21, 20, 13, 0.24%, 1, 0, 3, 97.56
1676167647, 0, 17, 22, 21, 13, 0.24%, 1, 0, 3, 95.21
1676167652, 0, 17, 24, 23, 13, 0.25%, 1, 0, 3, 99.34
1676167657, 0, 17, 25, 24, 13, 0.26%, 1, 0, 3, 94.79
1676167667, 0, 17, 27, 26, 13, 0.26%, 1, 0, 3, 100.72
1676167698, 0, 17, 29, 28, 13, 0.26%, 1, 0, 3, 101.57
1676167729, 0, 17, 30, 29, 13, 0.26%, 1, 0, 3, 95.70
1676167739, 0, 17, 32, 31, 13, 0.27%, 1, 0, 3, 100.77
1676167826, 0, 17, 33, 32, 13, 0.27%, 1, 0, 3, 107.10
