# unix_time, cycles_done, cur_path, paths_total, pending_total, pending_favs, map_size, unique_crashes, unique_hangs, max_depth, execs_per_sec
1676191297, 0, 0, 1, 1, 1, 0.16%, 0, 0, 1, 85.11
1676191302, 0, 0, 20, 20, 1, 0.20%, 0, 0, 2, 128.58
1676191307, 0, 0, 21, 21, 1, 0.20%, 0, 0, 2, 137.44
1676191312, 0, 0, 22, 22, 1, 0.20%, 0, 0, 2, 138.56
1676191317, 0, 0, 23, 23, 1, 0.20%, 0, 0, 2, 138.56
1676191322, 0, 0, 24, 24, 1, 0.21%, 0, 0, 2, 137.18
1676191333, 0, 0, 25, 25, 1, 0.21%, 0, 0, 2, 137.91
1676191374, 0, 0, 47, 47, 1, 0.23%, 0, 0, 2, 140.70
1676191379, 0, 0, 51, 51, 1, 0.23%, 0, 0, 2, 140.86
1676191384, 0, 0, 52, 52, 1, 0.23%, 0, 0, 2, 141.22
1676191394, 0, 0, 53, 53, 1, 0.23%, 0, 0, 2, 141.27
1676191399, 0, 0, 54, 54, 1, 0.23%, 0, 0, 2, 141.03
1676191404, 0, 0, 55, 55, 1, 0.23%, 0, 0, 2, 133.19
1676191414, 0, 0, 55, 55, 1, 0.23%, 1, 0, 2, 133.29
1676191419, 0, 0, 56, 56, 1, 0.23%, 1, 0, 2, 134.40
1676191435, 0, 0, 57, 57, 1, 0.23%, 1, 0, 2, 137.37
1676191506, 0, 0, 58, 58, 1, 0.23%, 1, 0, 2, 135.63
1676191685, 0, 1, 58, 57, 11, 0.23%, 1, 0, 2, 81.23
