# relative_time, cycles_done, cur_item, corpus_count, pending_total, pending_favs, map_size, saved_crashes, saved_hangs, max_depth, execs_per_sec, total_execs, edges_found
61, 0, 0, 11, 11, 1, 0.00%, 0, 0, 2, 20.17, 1266, 292
66, 0, 0, 12, 12, 1, 0.00%, 0, 0, 2, 20.17, 1368, 293
71, 0, 0, 12, 12, 1, 0.00%, 0, 0, 2, 20.27, 1474, 293
77, 0, 0, 12, 12, 1, 0.00%, 0, 0, 2, 20.15, 1579, 293
82, 0, 0, 12, 12, 1, 0.00%, 0, 0, 2, 20.31, 1685, 293
87, 0, 0, 12, 12, 1, 0.00%, 0, 0, 2, 20.40, 1788, 293
92, 0, 0, 13, 13, 1, 0.00%, 0, 0, 2, 20.11, 1892, 293
97, 0, 0, 13, 13, 1, 0.00%, 0, 0, 2, 20.10, 1995, 293
102, 0, 0, 13, 13, 1, 0.00%, 0, 0, 2, 20.16, 2097, 293
107, 0, 0, 13, 13, 1, 0.00%, 0, 0, 2, 20.27, 2201, 293
112, 0, 0, 13, 13, 1, 0.00%, 0, 0, 2, 20.35, 2303, 293
118, 0, 0, 14, 14, 1, 0.00%, 0, 0, 2, 20.02, 2404, 294
123, 0, 0, 15, 15, 1, 0.00%, 0, 0, 2, 19.42, 2507, 295
128, 0, 0, 15, 15, 1, 0.00%, 0, 0, 2, 19.74, 2606, 295
133, 0, 0, 16, 16, 1, 0.00%, 0, 0, 2, 19.77, 2704, 296
138, 0, 0, 16, 16, 1, 0.00%, 0, 0, 2, 20.05, 2806, 296
143, 0, 0, 16, 16, 1, 0.00%, 0, 0, 2, 20.03, 2911, 296
148, 0, 0, 16, 16, 1, 0.00%, 0, 0, 2, 20.13, 3012, 296
154, 0, 0, 17, 17, 1, 0.00%, 0, 0, 2, 19.69, 3112, 297
159, 0, 0, 18, 18, 1, 0.00%, 0, 0, 2, 19.79, 3213, 299
164, 0, 0, 18, 18, 1, 0.00%, 0, 0, 2, 19.75, 3314, 299
169, 0, 0, 23, 23, 1, 0.00%, 0, 0, 2, 18.96, 3404, 330
174, 0, 0, 27, 27, 1, 0.00%, 0, 0, 2, 18.84, 3496, 344
179, 0, 0, 29, 29, 1, 0.00%, 0, 0, 2, 19.19, 3594, 347
184, 0, 0, 30, 30, 1, 0.00%, 0, 0, 2, 18.67, 3688, 347
189, 0, 0, 30, 30, 1, 0.00%, 0, 0, 2, 18.85, 3783, 347
195, 0, 0, 31, 31, 1, 0.00%, 0, 0, 2, 19.06, 3881, 348
200, 0, 0, 31, 31, 1, 0.00%, 0, 0, 2, 19.30, 3981, 348
205, 0, 0, 32, 32, 1, 0.00%, 0, 0, 2, 19.32, 4077, 350
210, 0, 0, 33, 33, 1, 0.00%, 0, 0, 2, 19.28, 4176, 354
215, 0, 0, 35, 35, 1, 0.00%, 0, 0, 2, 19.13, 4270, 354
220, 0, 0, 35, 35, 1, 0.00%, 0, 0, 2, 19.41, 4370, 354
225, 0, 0, 35, 35, 1, 0.00%, 0, 0, 2, 19.03, 4465, 354
230, 0, 0, 36, 36, 1, 0.00%, 0, 0, 2, 19.10, 4560, 355
235, 0, 0, 37, 37, 1, 0.00%, 0, 0, 2, 19.13, 4653, 359
240, 0, 0, 37, 37, 1, 0.00%, 0, 0, 2, 19.02, 4752, 359
246, 0, 0, 37, 37, 1, 0.00%, 0, 0, 2, 19.21, 4852, 359
251, 0, 0, 37, 37, 1, 0.00%, 0, 0, 2, 19.26, 4952, 359
256, 0, 0, 38, 38, 1, 0.00%, 0, 0, 2, 18.80, 5046, 359
261, 0, 0, 39, 39, 1, 0.00%, 0, 0, 2, 19.02, 5149, 359
267, 0, 0, 40, 40, 1, 0.00%, 0, 0, 2, 19.15, 5247, 361
272, 0, 4, 40, 38, 21, 0.00%, 0, 0, 2, 19.00, 5342, 361
277, 0, 4, 41, 39, 21, 0.00%, 1, 0, 3, 19.08, 5437, 361
282, 0, 4, 44, 42, 21, 0.00%, 1, 0, 3, 18.60, 5528, 364
287, 0, 4, 47, 45, 21, 0.00%, 1, 0, 3, 18.61, 5631, 366
292, 0, 4, 50, 48, 21, 0.00%, 1, 0, 3, 18.66, 5724, 366
298, 0, 4, 52, 50, 21, 0.00%, 1, 0, 3, 18.92, 5818, 367
303, 0, 4, 54, 52, 21, 0.00%, 1, 0, 3, 18.90, 5914, 367
308, 0, 4, 54, 52, 21, 0.00%, 1, 0, 3, 19.13, 6010, 367
313, 0, 4, 55, 53, 21, 0.00%, 1, 0, 3, 18.90, 6106, 367
318, 0, 4, 56, 54, 21, 0.00%, 1, 0, 3, 19.00, 6201, 367
323, 0, 4, 58, 56, 21, 0.00%, 1, 0, 3, 18.88, 6300, 368
328, 0, 4, 60, 58, 21, 0.00%, 1, 0, 3, 18.88, 6393, 369
333, 0, 4, 60, 58, 21, 0.00%, 1, 0, 3, 19.55, 6494, 369
338, 0, 4, 61, 59, 21, 0.00%, 1, 0, 3, 19.19, 6592, 369
343, 0, 4, 61, 59, 21, 0.00%, 1, 0, 3, 18.85, 6687, 369
349, 0, 4, 61, 59, 21, 0.00%, 1, 0, 3, 19.08, 6783, 369
354, 0, 4, 62, 60, 21, 0.00%, 1, 0, 3, 19.16, 6881, 369
359, 0, 4, 62, 60, 21, 0.00%, 1, 0, 3, 19.29, 6981, 369
364, 0, 4, 64, 62, 21, 0.00%, 1, 0, 3, 18.98, 7078, 369
369, 0, 4, 64, 62, 21, 0.00%, 1, 0, 3, 19.13, 7174, 369
374, 0, 3, 64, 61, 22, 0.00%, 1, 0, 3, 19.07, 7272, 369
379, 0, 3, 66, 63, 22, 0.00%, 1, 0, 3, 19.03, 7367, 369
385, 0, 3, 66, 63, 22, 0.00%, 1, 0, 3, 19.36, 7467, 369
390, 0, 7, 68, 64, 21, 0.00%, 1, 0, 3, 19.13, 7564, 369
395, 0, 7, 69, 65, 21, 0.00%, 1, 0, 3, 19.05, 7661, 369
400, 0, 7, 70, 66, 21, 0.00%, 1, 0, 3, 19.15, 7759, 369
405, 0, 24, 70, 65, 21, 0.00%, 1, 0, 3, 19.37, 7855, 369
410, 0, 24, 74, 69, 21, 0.00%, 1, 0, 3, 18.54, 7945, 369
415, 0, 24, 75, 70, 21, 0.00%, 1, 0, 3, 18.92, 8042, 369
420, 0, 24, 76, 71, 21, 0.00%, 1, 0, 3, 19.03, 8140, 369
426, 0, 24, 78, 73, 21, 0.00%, 1, 0, 3, 18.80, 8235, 369
431, 0, 24, 79, 74, 21, 0.00%, 1, 0, 3, 18.80, 8328, 369
436, 0, 24, 80, 75, 21, 0.00%, 1, 0, 3, 18.76, 8422, 369
441, 0, 24, 80, 75, 21, 0.00%, 1, 0, 3, 18.83, 8518, 369
446, 0, 24, 81, 76, 21, 0.00%, 1, 0, 3, 18.89, 8613, 369
451, 0, 24, 82, 77, 21, 0.00%, 1, 0, 3, 18.82, 8710, 369
456, 0, 24, 82, 77, 21, 0.00%, 1, 0, 3, 18.84, 8806, 369
461, 0, 24, 83, 78, 21, 0.00%, 1, 0, 3, 18.81, 8901, 370
466, 0, 24, 83, 78, 21, 0.00%, 1, 0, 3, 18.76, 8996, 370
472, 0, 24, 83, 78, 21, 0.00%, 1, 0, 3, 18.81, 9092, 370
477, 0, 24, 83, 78, 21, 0.00%, 1, 0, 3, 18.95, 9188, 370
482, 0, 24, 83, 78, 21, 0.00%, 1, 0, 3, 18.63, 9283, 370
487, 0, 24, 83, 78, 21, 0.00%, 1, 0, 3, 18.82, 9379, 370
492, 0, 24, 83, 78, 21, 0.00%, 1, 0, 3, 18.95, 9475, 370
497, 0, 24, 83, 78, 21, 0.00%, 1, 0, 3, 18.73, 9570, 370
502, 0, 51, 83, 77, 22, 0.00%, 1, 0, 3, 18.19, 9665, 370
507, 0, 51, 85, 79, 22, 0.00%, 1, 0, 4, 18.50, 9759, 370
512, 0, 51, 85, 79, 22, 0.00%, 1, 0, 4, 18.84, 9855, 370
517, 0, 51, 86, 80, 22, 0.00%, 1, 0, 4, 18.81, 9950, 370
523, 0, 23, 86, 79, 21, 0.00%, 1, 0, 4, 18.55, 10045, 370
528, 0, 23, 87, 80, 21, 0.00%, 1, 0, 4, 18.80, 10141, 370
533, 0, 18, 87, 79, 20, 0.00%, 1, 0, 4, 18.10, 10235, 370
538, 0, 18, 88, 80, 20, 0.00%, 1, 0, 4, 18.57, 10331, 370
543, 0, 18, 88, 80, 20, 0.00%, 1, 0, 4, 19.01, 10427, 370
548, 0, 15, 88, 79, 19, 0.00%, 2, 0, 4, 18.77, 10521, 370
553, 0, 15, 89, 80, 19, 0.00%, 2, 0, 4, 18.54, 10616, 370
558, 0, 17, 89, 79, 19, 0.00%, 2, 0, 4, 18.44, 10708, 370
564, 0, 17, 90, 80, 19, 0.00%, 2, 0, 4, 18.70, 10804, 370
569, 0, 17, 90, 80, 19, 0.00%, 2, 0, 4, 18.90, 10900, 370
574, 0, 45, 90, 79, 18, 0.00%, 2, 0, 4, 18.62, 10992, 370
579, 0, 45, 91, 80, 18, 0.00%, 2, 0, 4, 18.75, 11087, 370
584, 0, 13, 91, 79, 17, 0.00%, 2, 0, 4, 18.05, 11180, 370
589, 0, 13, 91, 79, 17, 0.00%, 2, 0, 4, 18.72, 11276, 370
594, 0, 13, 91, 79, 17, 0.00%, 2, 0, 4, 18.68, 11372, 370
598, 0, 56, 91, 78, 16, 0.00%, 2, 0, 4, 17.98, 11439, 370
