# unix_time, cycles_done, cur_path, paths_total, pending_total, pending_favs, map_size, unique_crashes, unique_hangs, max_depth, execs_per_sec
1676200415, 0, 0, 1, 1, 1, 0.10%, 0, 0, 1, 86.02
1676200421, 0, 0, 10, 10, 1, 0.15%, 0, 0, 2, 138.63
1676200426, 0, 0, 12, 12, 1, 0.15%, 0, 0, 2, 149.04
1676200436, 0, 0, 13, 13, 1, 0.15%, 0, 0, 2, 152.16
1676200456, 0, 0, 33, 33, 1, 0.18%, 0, 0, 2, 152.57
1676200461, 0, 0, 40, 40, 1, 0.18%, 0, 0, 2, 153.71
1676200467, 0, 0, 42, 42, 1, 0.18%, 0, 0, 2, 153.81
1676200472, 0, 0, 43, 43, 1, 0.18%, 0, 0, 2, 154.70
1676200477, 0, 0, 44, 44, 1, 0.18%, 0, 0, 2, 154.34
1676200492, 0, 0, 45, 45, 1, 0.18%, 0, 0, 2, 154.77
1676200528, 0, 0, 46, 46, 1, 0.18%, 0, 0, 2, 154.40
1676200543, 0, 0, 47, 47, 1, 0.18%, 0, 0, 2, 154.73
1676200610, 0, 0, 48, 48, 1, 0.18%, 0, 0, 2, 154.48
1676200635, 0, 0, 49, 49, 1, 0.18%, 0, 0, 2, 154.45
1676200671, 0, 46, 49, 48, 15, 0.18%, 0, 0, 2, 151.95
1676200697, 0, 46, 50, 49, 15, 0.18%, 0, 0, 3, 148.70
1676200702, 0, 46, 52, 51, 15, 0.18%, 0, 0, 3, 149.08
1676200752, 0, 50, 52, 50, 14, 0.18%, 0, 0, 3, 149.24
1676200838, 0, 51, 52, 49, 14, 0.18%, 0, 0, 3, 149.52
