# unix_time, cycles_done, cur_path, paths_total, pending_total, pending_favs, map_size, unique_crashes, unique_hangs, max_depth, execs_per_sec
1676031566, 0, 0, 1, 1, 1, 0.10%, 0, 0, 1, 70.80
1676031571, 0, 0, 4, 4, 1, 0.12%, 0, 0, 2, 90.06
1676031582, 0, 0, 6, 6, 1, 0.18%, 0, 0, 2, 94.40
1676031587, 0, 0, 11, 11, 1, 0.21%, 0, 0, 2, 94.47
1676031592, 0, 0, 12, 12, 1, 0.21%, 0, 0, 2, 96.15
1676031597, 0, 0, 13, 13, 1, 0.22%, 0, 0, 2, 106.89
1676031602, 0, 0, 15, 15, 1, 0.22%, 0, 0, 2, 96.82
1676031607, 0, 0, 16, 16, 1, 0.22%, 0, 0, 2, 95.27
1676031612, 0, 0, 17, 17, 1, 0.22%, 0, 0, 2, 95.01
1676031637, 0, 0, 18, 18, 1, 0.22%, 0, 0, 2, 95.24
1676031678, 0, 0, 19, 19, 1, 0.22%, 0, 0, 2, 95.01
1676031730, 0, 0, 20, 20, 1, 0.22%, 0, 0, 2, 95.33
1676031755, 0, 16, 22, 21, 12, 0.22%, 0, 0, 3, 94.74
1676031761, 0, 16, 23, 22, 12, 0.23%, 0, 0, 3, 97.46
1676031771, 0, 16, 27, 26, 12, 0.23%, 0, 0, 3, 98.36
1676031776, 0, 16, 30, 29, 12, 0.23%, 0, 0, 3, 96.24
1676031791, 0, 16, 31, 30, 12, 0.23%, 0, 0, 3, 95.85
1676031797, 0, 16, 32, 31, 12, 0.23%, 0, 0, 3, 95.90
1676031802, 0, 16, 33, 32, 12, 0.23%, 0, 0, 3, 95.88
1676031807, 0, 16, 34, 33, 12, 0.23%, 0, 0, 3, 95.94
1676031812, 0, 16, 36, 35, 12, 0.23%, 0, 0, 3, 96.00
1676031838, 0, 16, 37, 36, 12, 0.23%, 0, 0, 3, 95.76
1676031854, 0, 16, 38, 37, 12, 0.23%, 0, 0, 3, 95.73
1676031864, 0, 16, 39, 38, 12, 0.23%, 0, 0, 3, 95.69
1676031890, 0, 16, 40, 39, 12, 0.23%, 0, 0, 3, 95.47
1676031910, 0, 16, 41, 40, 12, 0.23%, 0, 0, 3, 95.55
1676031941, 0, 27, 41, 39, 13, 0.23%, 0, 0, 3, 95.54
1676031993, 0, 31, 41, 38, 13, 0.23%, 0, 0, 3, 95.07
1676032096, 1, 2, 41, 37, 13, 0.23%, 0, 0, 3, 95.85
1676032112, 1, 26, 41, 36, 12, 0.23%, 0, 0, 3, 99.69
