# unix_time, cycles_done, cur_path, paths_total, pending_total, pending_favs, map_size, unique_crashes, unique_hangs, max_depth, execs_per_sec
1676019071, 0, 0, 1, 1, 1, 0.08%, 0, 0, 1, 86.96
1676019076, 0, 0, 3, 3, 1, 0.09%, 0, 0, 2, 113.59
1676019082, 0, 0, 4, 4, 1, 0.10%, 0, 0, 2, 115.37
1676019092, 0, 0, 5, 5, 1, 0.10%, 0, 0, 2, 116.24
1676019097, 0, 0, 6, 6, 1, 0.11%, 0, 0, 2, 117.10
1676019102, 0, 0, 7, 7, 1, 0.11%, 0, 0, 2, 117.36
1676019112, 0, 0, 9, 9, 1, 0.12%, 0, 0, 2, 117.25
1676019143, 0, 0, 10, 10, 1, 0.12%, 0, 0, 2, 116.89
1676019164, 0, 0, 11, 11, 1, 0.13%, 0, 0, 2, 116.36
1676019174, 0, 0, 12, 12, 1, 0.14%, 0, 0, 2, 116.53
1676020189, 0, 0, 13, 13, 1, 0.14%, 0, 0, 2, 123.41
1676021271, 0, 0, 16, 16, 1, 0.14%, 0, 0, 2, 122.19
1676022315, 0, 10, 16, 15, 8, 0.14%, 0, 0, 2, 121.60
1676022320, 0, 10, 23, 22, 8, 0.14%, 0, 0, 3, 118.12
1676022325, 0, 10, 24, 23, 8, 0.14%, 0, 0, 3, 120.19
1676023294, 0, 10, 24, 23, 8, 0.14%, 1, 0, 3, 0.02
1676023299, 0, 10, 26, 25, 8, 0.16%, 1, 0, 3, 121.07
1676024314, 0, 10, 27, 26, 8, 0.16%, 1, 0, 3, 0.02
1676024339, 0, 10, 28, 27, 8, 0.16%, 1, 0, 3, 120.24
1676024638, 0, 10, 29, 28, 8, 0.16%, 1, 0, 3, 121.11
1676027263, 0, 10, 30, 29, 8, 0.16%, 1, 0, 3, 0.04
1676027288, 0, 25, 30, 28, 9, 0.16%, 1, 0, 3, 121.39
1676027298, 0, 25, 31, 29, 9, 0.16%, 1, 0, 4, 126.46
1676027304, 0, 25, 32, 30, 9, 0.16%, 1, 0, 4, 121.64
1676027314, 0, 25, 33, 31, 9, 0.16%, 1, 0, 4, 120.48
