# unix_time, cycles_done, cur_path, paths_total, pending_total, pending_favs, map_size, unique_crashes, unique_hangs, max_depth, execs_per_sec
1676219591, 0, 0, 1, 1, 1, 0.27%, 0, 0, 1, 85.11
1676219596, 0, 0, 23, 23, 1, 0.34%, 0, 0, 2, 120.16
1676219601, 0, 0, 41, 41, 1, 0.34%, 0, 0, 2, 128.35
1676219606, 0, 0, 43, 43, 1, 0.34%, 0, 0, 2, 128.82
1676219611, 0, 0, 48, 48, 1, 0.37%, 0, 0, 2, 129.70
1676219616, 0, 0, 53, 53, 1, 0.38%, 0, 0, 2, 128.64
1676219663, 0, 0, 54, 54, 1, 0.38%, 0, 0, 2, 129.85
1676219719, 0, 0, 59, 59, 1, 0.40%, 0, 0, 2, 125.16
1676220004, 0, 0, 65, 65, 1, 0.40%, 0, 0, 2, 0.04
1676220009, 0, 0, 80, 80, 1, 0.41%, 0, 0, 2, 135.27
1676220015, 0, 0, 82, 82, 1, 0.41%, 0, 0, 2, 135.43
1676220020, 0, 0, 86, 86, 1, 0.41%, 0, 0, 2, 135.02
1676220046, 0, 0, 86, 86, 1, 0.41%, 1, 0, 2, 135.95
1676220056, 0, 0, 87, 87, 1, 0.41%, 1, 0, 2, 135.64
1676220175, 0, 0, 88, 88, 1, 0.41%, 1, 0, 2, 135.03
1676220180, 0, 0, 89, 89, 1, 0.41%, 1, 0, 2, 135.17
1676220185, 0, 0, 90, 90, 1, 0.41%, 1, 0, 2, 134.50
1676220201, 0, 0, 91, 91, 1, 0.41%, 1, 0, 2, 134.83
1676220237, 0, 0, 92, 92, 1, 0.41%, 1, 0, 2, 131.67
1676221133, 0, 81, 92, 91, 16, 0.41%, 1, 0, 2, 132.63
1676221200, 0, 81, 93, 92, 16, 0.42%, 1, 0, 3, 130.68
