# unix_time, cycles_done, cur_path, paths_total, pending_total, pending_favs, map_size, unique_crashes, unique_hangs, max_depth, execs_per_sec
1676032796, 0, 0, 1, 1, 1, 0.12%, 0, 0, 1, 68.97
1676032801, 0, 0, 4, 4, 1, 0.14%, 0, 0, 2, 88.04
1676032806, 0, 0, 5, 5, 1, 0.18%, 0, 0, 2, 92.19
1676032816, 0, 0, 6, 6, 1, 0.18%, 0, 0, 2, 93.72
1676032821, 0, 0, 7, 7, 1, 0.18%, 0, 0, 2, 93.53
1676032826, 0, 0, 9, 9, 1, 0.27%, 0, 0, 2, 93.24
1676032846, 0, 0, 10, 10, 1, 0.27%, 0, 0, 2, 93.63
1676032917, 0, 0, 12, 12, 1, 0.28%, 0, 0, 2, 93.52
1676032922, 0, 0, 13, 13, 1, 0.29%, 0, 0, 2, 93.60
1676032927, 0, 0, 14, 14, 1, 0.29%, 0, 0, 2, 92.98
1676032958, 0, 0, 15, 15, 1, 0.29%, 0, 0, 2, 93.23
1676033004, 0, 0, 16, 16, 1, 0.29%, 0, 0, 2, 92.94
1676033029, 0, 0, 17, 17, 1, 0.29%, 0, 0, 2, 93.41
1676034364, 0, 16, 22, 21, 9, 0.33%, 0, 0, 3, 116.84
1676034369, 0, 16, 33, 32, 9, 0.35%, 0, 0, 3, 115.12
1676034374, 0, 16, 34, 33, 9, 0.35%, 0, 0, 3, 114.11
1676034389, 0, 16, 35, 34, 9, 0.35%, 0, 0, 3, 115.11
1676034394, 0, 16, 39, 38, 9, 0.35%, 0, 0, 3, 115.02
1676034414, 0, 16, 40, 39, 9, 0.35%, 0, 0, 3, 114.73
1676034424, 0, 16, 41, 40, 9, 0.35%, 0, 0, 3, 114.83
1676034429, 0, 16, 42, 41, 9, 0.35%, 0, 0, 3, 114.95
1676034444, 0, 16, 44, 43, 9, 0.35%, 0, 0, 3, 114.87
1676034449, 0, 16, 45, 44, 9, 0.35%, 0, 0, 3, 115.10
1676034459, 0, 16, 46, 45, 9, 0.35%, 0, 0, 3, 115.06
1676034479, 0, 16, 47, 46, 9, 0.35%, 0, 0, 3, 113.02
1676034510, 0, 16, 48, 47, 9, 0.35%, 0, 0, 3, 108.77
1676034520, 0, 16, 49, 48, 9, 0.35%, 0, 0, 3, 110.07
1676034530, 0, 16, 49, 48, 9, 0.35%, 1, 0, 3, 109.28
1676034541, 0, 16, 50, 49, 9, 0.35%, 1, 0, 3, 108.75
1676034551, 0, 16, 52, 51, 9, 0.35%, 1, 0, 3, 108.76
