# unix_time, cycles_done, cur_path, paths_total, pending_total, pending_favs, map_size, unique_crashes, unique_hangs, max_depth, execs_per_sec
1676226469, 0, 0, 1, 1, 1, 0.40%, 0, 0, 1, 72.07
1676226475, 0, 0, 26, 26, 1, 0.49%, 0, 0, 2, 105.80
1676226480, 0, 0, 37, 37, 1, 0.50%, 0, 0, 2, 112.19
1676226485, 0, 0, 54, 54, 1, 0.51%, 0, 0, 2, 116.39
1676226490, 0, 0, 64, 64, 1, 0.51%, 0, 0, 2, 116.25
1676226495, 0, 0, 65, 65, 1, 0.51%, 0, 0, 2, 117.04
1676226500, 0, 0, 66, 66, 1, 0.52%, 0, 0, 2, 115.86
1676226505, 0, 0, 75, 75, 1, 0.57%, 0, 0, 2, 116.35
1676226668, 0, 0, 94, 94, 1, 0.59%, 0, 0, 2, 118.09
1676226673, 0, 0, 104, 104, 1, 0.59%, 0, 0, 2, 120.51
1676226678, 0, 0, 108, 108, 1, 0.59%, 0, 0, 2, 121.37
1676226683, 0, 0, 112, 112, 1, 0.59%, 0, 0, 2, 121.69
1676226688, 0, 0, 112, 112, 1, 0.59%, 1, 0, 2, 121.72
1676226694, 0, 0, 114, 114, 1, 0.59%, 1, 0, 2, 121.21
1676226699, 0, 0, 115, 115, 1, 0.59%, 1, 0, 2, 120.15
1676226704, 0, 0, 116, 116, 1, 0.59%, 1, 0, 2, 120.74
1676226709, 0, 0, 118, 118, 1, 0.59%, 1, 0, 2, 121.23
1676226719, 0, 0, 119, 119, 1, 0.59%, 1, 0, 2, 121.51
1676226724, 0, 0, 120, 120, 1, 0.60%, 1, 0, 2, 121.57
1676226739, 0, 0, 121, 121, 1, 0.60%, 1, 0, 2, 121.09
1676226759, 0, 0, 124, 124, 1, 0.60%, 1, 0, 2, 119.45
1676226790, 0, 0, 125, 125, 1, 0.60%, 1, 0, 2, 121.47
1676226810, 0, 0, 126, 126, 1, 0.60%, 1, 0, 2, 120.82
1676226835, 0, 0, 127, 127, 1, 0.60%, 1, 0, 2, 121.09
1676226851, 0, 0, 128, 128, 1, 0.60%, 1, 0, 2, 120.76
1676226856, 0, 0, 131, 131, 1, 0.60%, 1, 0, 2, 121.48
1676226886, 0, 0, 132, 132, 1, 0.60%, 1, 0, 2, 121.07
1676226901, 0, 0, 133, 133, 1, 0.60%, 1, 0, 2, 121.83
