# unix_time, cycles_done, cur_path, paths_total, pending_total, pending_favs, map_size, unique_crashes, unique_hangs, max_depth, execs_per_sec
1676198615, 0, 0, 1, 1, 1, 0.32%, 0, 0, 1, 74.77
1676198620, 0, 0, 25, 25, 1, 0.40%, 0, 0, 2, 111.23
1676198625, 0, 0, 40, 40, 1, 0.44%, 0, 0, 2, 118.37
1676198630, 0, 0, 53, 53, 1, 0.44%, 0, 0, 2, 119.75
1676198636, 0, 0, 57, 57, 1, 0.44%, 0, 0, 2, 119.83
1676198646, 0, 0, 62, 62, 1, 0.49%, 0, 0, 2, 120.18
1676198682, 0, 0, 63, 63, 1, 0.49%, 0, 0, 2, 119.43
1676198697, 0, 0, 64, 64, 1, 0.50%, 0, 0, 2, 120.19
1676198789, 0, 0, 86, 86, 1, 0.52%, 0, 0, 2, 124.22
1676198794, 0, 0, 108, 108, 1, 0.52%, 0, 0, 2, 125.14
1676198799, 0, 0, 116, 116, 1, 0.52%, 0, 0, 2, 125.37
1676198804, 0, 0, 123, 123, 1, 0.52%, 1, 0, 2, 125.18
1676198809, 0, 0, 127, 127, 1, 0.52%, 1, 0, 2, 125.48
1676198820, 0, 0, 128, 128, 1, 0.52%, 1, 0, 2, 125.73
1676198825, 0, 0, 129, 129, 1, 0.52%, 1, 0, 2, 125.74
1676198830, 0, 0, 130, 130, 1, 0.52%, 1, 0, 2, 125.12
1676198835, 0, 0, 131, 131, 1, 0.52%, 1, 0, 2, 125.35
1676198840, 0, 0, 132, 132, 1, 0.52%, 1, 0, 2, 125.40
1676198846, 0, 0, 134, 134, 1, 0.52%, 1, 0, 2, 125.46
1676198887, 0, 0, 137, 137, 1, 0.52%, 1, 0, 2, 125.29
1676198949, 0, 0, 138, 138, 1, 0.52%, 1, 0, 2, 124.72
1676198954, 0, 0, 139, 139, 1, 0.52%, 1, 0, 2, 125.54
1676198996, 0, 0, 140, 140, 1, 0.52%, 1, 0, 2, 125.32
1676199053, 0, 38, 140, 139, 16, 0.52%, 1, 0, 2, 124.11
