# unix_time, cycles_done, cur_path, paths_total, pending_total, pending_favs, map_size, unique_crashes, unique_hangs, max_depth, execs_per_sec
1676160128, 0, 0, 1, 1, 1, 0.13%, 0, 0, 1, 30.53
1676160133, 0, 0, 3, 3, 1, 0.14%, 0, 0, 2, 35.80
1676160164, 0, 0, 6, 6, 1, 0.17%, 0, 0, 2, 36.55
1676160169, 0, 0, 8, 8, 1, 0.19%, 0, 0, 2, 36.28
1676160179, 0, 0, 9, 9, 1, 0.20%, 0, 0, 2, 36.89
1676160184, 0, 0, 10, 10, 1, 0.21%, 0, 0, 2, 36.22
1676160190, 0, 0, 12, 12, 1, 0.21%, 0, 0, 2, 36.75
1676160195, 0, 0, 14, 14, 1, 0.21%, 0, 0, 2, 33.50
1676160210, 0, 0, 15, 15, 1, 0.21%, 0, 0, 2, 30.39
1676160215, 0, 0, 16, 16, 1, 0.21%, 0, 0, 2, 32.35
1676160226, 0, 0, 17, 17, 1, 0.21%, 0, 0, 2, 36.43
1676160251, 0, 0, 18, 18, 1, 0.21%, 0, 0, 2, 36.53
1676160277, 0, 0, 19, 19, 1, 0.21%, 0, 0, 2, 36.94
1676160293, 0, 0, 20, 20, 1, 0.21%, 0, 0, 2, 34.73
1676160303, 0, 0, 21, 21, 1, 0.22%, 0, 0, 2, 37.12
1676160323, 0, 0, 22, 22, 1, 0.22%, 0, 0, 2, 37.50
1676160329, 0, 0, 23, 23, 1, 0.22%, 0, 0, 2, 36.94
1676160334, 0, 0, 24, 24, 1, 0.22%, 0, 0, 2, 37.72
1676160344, 0, 20, 25, 24, 12, 0.22%, 0, 0, 2, 37.02
1676160349, 0, 20, 26, 25, 12, 0.22%, 0, 0, 3, 37.01
1676160354, 0, 20, 27, 26, 12, 0.22%, 0, 0, 3, 35.86
1676160380, 0, 20, 35, 34, 12, 0.22%, 0, 0, 3, 36.82
1676160385, 0, 20, 45, 44, 12, 0.22%, 0, 0, 3, 36.31
1676160390, 0, 20, 53, 52, 12, 0.22%, 0, 0, 3, 36.49
1676160395, 0, 20, 56, 55, 12, 0.22%, 0, 0, 3, 36.05
1676160406, 0, 20, 58, 57, 12, 0.22%, 1, 0, 3, 36.26
1676160411, 0, 20, 59, 58, 12, 0.22%, 1, 0, 3, 35.26
1676160431, 0, 20, 62, 61, 12, 0.22%, 1, 0, 3, 36.42
1676160441, 0, 20, 63, 62, 12, 0.23%, 1, 0, 3, 36.13
1676160457, 0, 20, 65, 64, 12, 0.23%, 1, 0, 3, 36.20
1676160467, 0, 20, 66, 65, 12, 0.23%, 1, 0, 3, 36.34
1676160483, 0, 20, 67, 66, 12, 0.23%, 1, 0, 3, 35.61
1676160524, 0, 20, 68, 67, 12, 0.24%, 1, 0, 3, 36.46
1676160539, 0, 20, 69, 68, 12, 0.24%, 1, 0, 3, 35.49
1676160544, 0, 20, 70, 69, 12, 0.24%, 1, 0, 3, 36.14
1676160565, 0, 20, 72, 71, 12, 0.24%, 1, 0, 3, 36.22
1676160570, 0, 57, 72, 70, 16, 0.24%, 1, 0, 3, 36.56
1676160575, 0, 57, 73, 71, 16, 0.24%, 1, 0, 4, 36.94
1676160678, 0, 57, 74, 72, 16, 0.24%, 1, 0, 4, 36.72
1676160683, 0, 57, 76, 74, 16, 0.24%, 1, 0, 4, 36.28
1676160688, 0, 57, 78, 76, 16, 0.24%, 1, 0, 4, 36.60
1676160693, 0, 57, 80, 78, 16, 0.24%, 1, 0, 4, 36.33
1676160704, 0, 57, 82, 80, 16, 0.24%, 1, 0, 4, 36.47
1676160709, 0, 57, 84, 82, 16, 0.24%, 1, 0, 4, 36.55
1676160714, 0, 57, 85, 83, 16, 0.24%, 1, 0, 4, 38.69
1676160719, 0, 57, 87, 85, 16, 0.24%, 1, 0, 4, 41.68
