# unix_time, cycles_done, cur_path, paths_total, pending_total, pending_favs, map_size, unique_crashes, unique_hangs, max_depth, execs_per_sec
1676158928, 0, 0, 1, 1, 1, 0.12%, 0, 0, 1, 28.99
1676158933, 0, 0, 2, 2, 1, 0.12%, 0, 0, 2, 33.23
1676158938, 0, 0, 3, 3, 1, 0.13%, 0, 0, 2, 35.76
1676158963, 0, 0, 4, 4, 1, 0.13%, 0, 0, 2, 33.79
1676158969, 0, 0, 5, 5, 1, 0.13%, 0, 0, 2, 34.97
1676158974, 0, 0, 6, 6, 1, 0.14%, 0, 0, 2, 32.39
1676158979, 0, 0, 7, 7, 1, 0.15%, 0, 0, 2, 32.00
1676158984, 0, 0, 8, 8, 1, 0.15%, 0, 0, 2, 34.50
1676158994, 0, 0, 9, 9, 1, 0.16%, 0, 0, 2, 33.47
1676159005, 0, 0, 10, 10, 1, 0.16%, 0, 0, 2, 31.09
1676159020, 0, 0, 11, 11, 1, 0.18%, 0, 0, 2, 34.31
1676159025, 0, 0, 13, 13, 1, 0.18%, 0, 0, 2, 34.89
1676159035, 0, 0, 14, 14, 1, 0.19%, 0, 0, 2, 32.63
1676159061, 0, 0, 15, 15, 1, 0.19%, 0, 0, 2, 45.90
1676159087, 0, 0, 16, 16, 1, 0.19%, 0, 0, 2, 30.44
1676159102, 0, 0, 17, 17, 1, 0.19%, 0, 0, 2, 33.00
1676159153, 0, 0, 18, 18, 1, 0.19%, 0, 0, 2, 35.37
1676159164, 0, 11, 20, 19, 10, 0.20%, 0, 0, 3, 34.64
1676159169, 0, 11, 22, 21, 10, 0.20%, 0, 0, 3, 34.35
1676159174, 0, 11, 25, 24, 10, 0.20%, 0, 0, 3, 34.82
1676159179, 0, 11, 27, 26, 10, 0.20%, 0, 0, 3, 35.24
1676159200, 0, 11, 28, 27, 10, 0.20%, 0, 0, 3, 35.65
1676159205, 0, 11, 29, 28, 10, 0.21%, 0, 0, 3, 35.10
1676159210, 0, 11, 30, 29, 10, 0.21%, 0, 0, 3, 36.10
1676159246, 0, 11, 40, 39, 10, 0.21%, 0, 0, 3, 21.79
1676159251, 0, 11, 47, 46, 10, 0.21%, 0, 0, 3, 21.57
1676159256, 0, 11, 49, 48, 10, 0.21%, 0, 0, 3, 21.09
1676159261, 0, 11, 50, 49, 10, 0.21%, 0, 0, 3, 21.45
1676159276, 0, 11, 51, 50, 10, 0.21%, 0, 0, 3, 21.56
1676159297, 0, 11, 52, 51, 10, 0.21%, 0, 0, 3, 21.96
1676159317, 0, 11, 53, 52, 10, 0.21%, 0, 0, 3, 80.32
1676159322, 0, 11, 54, 53, 10, 0.21%, 0, 0, 3, 85.26
1676159348, 0, 11, 56, 55, 10, 0.22%, 0, 0, 3, 85.22
1676159353, 0, 11, 57, 56, 10, 0.22%, 0, 0, 3, 86.51
1676159358, 0, 11, 58, 57, 10, 0.22%, 0, 0, 3, 86.18
1676159374, 0, 55, 59, 57, 12, 0.22%, 0, 0, 4, 84.41
