# unix_time, cycles_done, cur_path, paths_total, pending_total, pending_favs, map_size, unique_crashes, unique_hangs, max_depth, execs_per_sec
1676206397, 0, 0, 1, 1, 1, 0.13%, 0, 0, 1, 80.00
1676206402, 0, 0, 22, 22, 1, 0.18%, 0, 0, 2, 133.36
1676206407, 0, 0, 26, 26, 1, 0.19%, 0, 0, 2, 144.35
1676206412, 0, 0, 28, 28, 1, 0.22%, 0, 0, 2, 145.81
1676206418, 0, 0, 29, 29, 1, 0.22%, 0, 0, 2, 146.85
1676206423, 0, 0, 30, 30, 1, 0.22%, 0, 0, 2, 146.58
1676206428, 0, 0, 31, 31, 1, 0.23%, 0, 0, 2, 146.41
1676206464, 0, 0, 41, 41, 1, 0.24%, 0, 0, 2, 145.35
1676206469, 0, 0, 70, 70, 1, 0.26%, 0, 0, 2, 147.14
1676206474, 0, 0, 83, 83, 1, 0.26%, 0, 0, 2, 147.72
1676206479, 0, 0, 85, 85, 1, 0.26%, 0, 0, 2, 147.29
1676206484, 0, 0, 88, 88, 1, 0.26%, 0, 0, 2, 148.23
1676206489, 0, 0, 92, 92, 1, 0.26%, 0, 0, 2, 148.08
1676206494, 0, 0, 93, 93, 1, 0.26%, 0, 0, 2, 148.13
1676206499, 0, 0, 95, 95, 1, 0.26%, 0, 0, 2, 148.29
1676206504, 0, 0, 96, 96, 1, 0.26%, 0, 0, 2, 148.21
1676206520, 0, 0, 97, 97, 1, 0.26%, 0, 0, 2, 148.43
1676206530, 0, 0, 98, 98, 1, 0.26%, 0, 0, 2, 148.03
1676206545, 0, 0, 99, 99, 1, 0.26%, 0, 0, 2, 147.84
1676206565, 0, 0, 100, 100, 1, 0.26%, 0, 0, 2, 148.13
1676206575, 0, 0, 101, 101, 1, 0.26%, 0, 0, 2, 148.16
1676206601, 0, 0, 102, 102, 1, 0.26%, 0, 0, 2, 148.17
1676206657, 0, 0, 103, 103, 1, 0.26%, 0, 0, 2, 148.08
1676206677, 0, 0, 104, 104, 1, 0.26%, 0, 0, 2, 147.62
1676206692, 0, 78, 105, 104, 20, 0.26%, 0, 0, 3, 145.31
1676206723, 0, 78, 109, 108, 20, 0.26%, 0, 0, 3, 143.03
1676206728, 0, 78, 111, 110, 20, 0.26%, 0, 0, 3, 142.69
1676206738, 0, 78, 112, 111, 20, 0.26%, 0, 0, 3, 142.38
1676206743, 0, 78, 113, 112, 20, 0.26%, 0, 0, 3, 142.36
1676206748, 0, 78, 114, 113, 20, 0.26%, 0, 0, 3, 142.71
1676206753, 0, 78, 116, 115, 20, 0.26%, 0, 0, 3, 142.83
1676206763, 0, 78, 117, 116, 20, 0.26%, 0, 0, 3, 142.24
1676206784, 0, 78, 118, 117, 20, 0.26%, 0, 0, 3, 142.64
1676206804, 0, 78, 119, 118, 20, 0.26%, 0, 0, 3, 142.64
