# unix_time, cycles_done, cur_path, paths_total, pending_total, pending_favs, map_size, unique_crashes, unique_hangs, max_depth, execs_per_sec
1676035795, 0, 0, 1, 1, 1, 0.13%, 0, 0, 1, 70.80
1676035800, 0, 0, 4, 4, 1, 0.14%, 0, 0, 2, 84.79
1676035810, 0, 0, 5, 5, 1, 0.21%, 0, 0, 2, 90.34
1676035815, 0, 0, 6, 6, 1, 0.21%, 0, 0, 2, 90.34
1676035820, 0, 0, 10, 10, 1, 0.28%, 0, 0, 2, 95.45
1676035826, 0, 0, 11, 11, 1, 0.29%, 0, 0, 2, 100.72
1676035836, 0, 0, 12, 12, 1, 0.29%, 0, 0, 2, 90.74
1676035841, 0, 0, 13, 13, 1, 0.31%, 0, 0, 2, 90.73
1676035846, 0, 0, 14, 14, 1, 0.31%, 0, 0, 2, 90.31
1676035851, 0, 0, 15, 15, 1, 0.31%, 0, 0, 2, 90.41
1676035872, 0, 0, 16, 16, 1, 0.31%, 0, 0, 2, 90.18
1676035913, 0, 0, 17, 17, 1, 0.31%, 0, 0, 2, 90.27
1676035918, 0, 0, 18, 18, 1, 0.31%, 0, 0, 2, 90.26
1676036020, 0, 0, 19, 19, 1, 0.31%, 0, 0, 2, 124.38
1676036026, 0, 0, 20, 20, 1, 0.31%, 0, 0, 2, 124.61
1676036046, 0, 0, 21, 21, 1, 0.31%, 0, 0, 2, 124.67
1676036051, 0, 0, 22, 22, 1, 0.33%, 0, 0, 2, 124.67
1676036056, 0, 0, 23, 23, 1, 0.34%, 0, 0, 2, 124.85
1676036113, 0, 0, 24, 24, 1, 0.34%, 0, 0, 2, 124.73
1676036123, 0, 10, 25, 24, 11, 0.34%, 0, 0, 3, 120.78
1676036128, 0, 10, 27, 26, 11, 0.34%, 0, 0, 3, 115.74
1676036133, 0, 10, 31, 30, 11, 0.35%, 0, 0, 3, 114.94
1676036138, 0, 10, 33, 32, 11, 0.35%, 1, 0, 3, 114.67
1676036143, 0, 10, 36, 35, 11, 0.35%, 1, 0, 3, 114.10
1676036148, 0, 10, 38, 37, 11, 0.35%, 1, 0, 3, 113.66
1676036153, 0, 10, 41, 40, 11, 0.35%, 1, 0, 3, 113.74
1676036158, 0, 10, 44, 43, 11, 0.35%, 1, 0, 3, 114.05
1676036163, 0, 10, 46, 45, 11, 0.35%, 1, 0, 3, 114.29
1676036168, 0, 10, 47, 46, 11, 0.35%, 1, 0, 3, 113.95
1676036179, 0, 10, 49, 48, 11, 0.35%, 1, 0, 3, 112.91
1676036184, 0, 10, 50, 49, 11, 0.35%, 1, 0, 3, 111.89
1676036194, 0, 10, 51, 50, 11, 0.35%, 1, 0, 3, 113.09
1676036204, 0, 10, 53, 52, 11, 0.35%, 1, 0, 3, 113.32
1676036209, 0, 10, 55, 54, 11, 0.35%, 1, 0, 3, 112.98
1676036235, 0, 10, 56, 55, 11, 0.35%, 1, 0, 3, 113.31
1676036286, 0, 10, 58, 57, 11, 0.35%, 1, 0, 3, 112.09
1676036358, 0, 10, 59, 58, 11, 0.35%, 1, 0, 3, 110.98
1676036363, 0, 10, 60, 59, 11, 0.35%, 1, 0, 3, 110.86
