# unix_time, cycles_done, cur_path, paths_total, pending_total, pending_favs, map_size, unique_crashes, unique_hangs, max_depth, execs_per_sec
1676035194, 0, 0, 1, 1, 1, 0.13%, 0, 0, 1, 73.39
1676035200, 0, 0, 4, 4, 1, 0.14%, 0, 0, 2, 90.15
1676035215, 0, 2, 4, 3, 2, 0.14%, 0, 0, 2, 94.31
1676035225, 0, 2, 5, 4, 2, 0.16%, 0, 0, 3, 108.03
1676035235, 0, 2, 8, 7, 2, 0.26%, 0, 0, 3, 97.17
1676035240, 0, 2, 9, 8, 2, 0.26%, 0, 0, 3, 97.02
1676035245, 0, 2, 10, 9, 2, 0.28%, 0, 0, 3, 96.80
1676035251, 0, 2, 11, 10, 2, 0.28%, 0, 0, 3, 96.58
1676035256, 0, 2, 12, 11, 2, 0.30%, 0, 0, 3, 96.77
1676035261, 0, 2, 14, 13, 2, 0.31%, 0, 0, 3, 96.83
1676035276, 0, 2, 15, 14, 2, 0.31%, 0, 0, 3, 96.69
1676035343, 0, 2, 16, 15, 2, 0.31%, 0, 0, 3, 95.54
1676035374, 0, 2, 17, 16, 2, 0.33%, 0, 0, 3, 95.66
1676035395, 0, 13, 19, 17, 9, 0.34%, 0, 0, 4, 104.51
1676035400, 0, 13, 24, 22, 9, 0.34%, 0, 0, 4, 94.82
1676035415, 0, 13, 25, 23, 9, 0.34%, 0, 0, 4, 92.62
1676035420, 0, 13, 26, 24, 9, 0.34%, 0, 0, 4, 92.65
1676035518, 0, 13, 30, 28, 9, 0.34%, 0, 0, 4, 92.09
1676035523, 0, 13, 32, 30, 9, 0.34%, 0, 0, 4, 93.90
1676035528, 0, 13, 37, 35, 9, 0.35%, 0, 0, 4, 93.78
1676035533, 0, 13, 38, 36, 9, 0.35%, 0, 0, 4, 94.01
1676035538, 0, 13, 40, 38, 9, 0.35%, 0, 0, 4, 93.25
1676035559, 0, 13, 41, 39, 9, 0.35%, 0, 0, 4, 93.80
1676035564, 0, 13, 42, 40, 9, 0.35%, 0, 0, 4, 93.90
1676035574, 0, 13, 43, 41, 9, 0.35%, 0, 0, 4, 93.98
1676035584, 0, 13, 44, 42, 9, 0.35%, 1, 0, 4, 94.26
1676035600, 0, 13, 45, 43, 9, 0.35%, 1, 0, 4, 94.09
1676035645, 0, 13, 47, 45, 9, 0.35%, 1, 0, 4, 93.64
1676035696, 0, 36, 47, 44, 11, 0.35%, 1, 0, 4, 91.77
1676035737, 0, 36, 49, 46, 11, 0.35%, 1, 0, 5, 89.63
1676035742, 0, 36, 50, 47, 11, 0.35%, 1, 0, 5, 89.70
1676035747, 0, 36, 52, 49, 11, 0.35%, 1, 0, 5, 89.60
1676035752, 0, 36, 53, 50, 11, 0.35%, 1, 0, 5, 89.58
1676035757, 0, 36, 54, 51, 11, 0.35%, 1, 0, 5, 89.45
1676035762, 0, 36, 55, 52, 11, 0.35%, 1, 0, 5, 89.31
1676035767, 0, 36, 57, 54, 11, 0.35%, 1, 0, 5, 89.29
