# unix_time, cycles_done, cur_path, paths_total, pending_total, pending_favs, map_size, unique_crashes, unique_hangs, max_depth, execs_per_sec
1676207747, 0, 0, 1, 1, 1, 0.16%, 0, 0, 1, 84.21
1676207752, 0, 0, 25, 25, 1, 0.24%, 0, 0, 2, 130.25
1676207757, 0, 0, 28, 28, 1, 0.24%, 0, 0, 2, 139.98
1676207763, 0, 0, 37, 37, 1, 0.25%, 0, 0, 2, 142.21
1676207768, 0, 0, 40, 40, 1, 0.25%, 0, 0, 2, 142.23
1676207773, 0, 0, 42, 42, 1, 0.26%, 0, 0, 2, 142.62
1676207778, 0, 0, 44, 44, 1, 0.26%, 0, 0, 2, 143.20
1676207783, 0, 0, 45, 45, 1, 0.26%, 0, 0, 2, 143.38
1676207788, 0, 0, 46, 46, 1, 0.26%, 0, 0, 2, 142.77
1676207798, 0, 0, 47, 47, 1, 0.27%, 0, 0, 2, 144.09
1676207829, 0, 0, 51, 51, 1, 0.27%, 0, 0, 2, 142.90
1676207834, 0, 0, 90, 90, 1, 0.29%, 0, 0, 2, 143.82
1676207839, 0, 0, 107, 107, 1, 0.29%, 0, 0, 2, 144.16
1676207844, 0, 0, 115, 115, 1, 0.30%, 0, 0, 2, 144.39
1676207849, 0, 0, 118, 118, 1, 0.30%, 0, 0, 2, 144.31
1676207855, 0, 0, 119, 119, 1, 0.30%, 0, 0, 2, 144.36
1676207860, 0, 0, 121, 121, 1, 0.30%, 0, 0, 2, 144.60
1676207865, 0, 0, 123, 123, 1, 0.30%, 0, 0, 2, 144.40
1676207870, 0, 0, 125, 125, 1, 0.30%, 0, 0, 2, 144.21
1676207917, 0, 0, 126, 126, 1, 0.30%, 0, 0, 2, 144.42
1676207933, 0, 0, 127, 127, 1, 0.30%, 0, 0, 2, 144.16
1676207938, 0, 0, 129, 129, 1, 0.30%, 0, 0, 2, 144.23
1676207948, 0, 0, 131, 131, 1, 0.30%, 0, 0, 2, 144.55
1676207958, 0, 0, 132, 132, 1, 0.30%, 0, 0, 2, 144.30
1676207969, 0, 0, 133, 133, 1, 0.30%, 0, 0, 2, 144.03
1676207974, 0, 0, 135, 135, 1, 0.30%, 0, 0, 2, 144.21
1676207979, 0, 0, 136, 136, 1, 0.30%, 0, 0, 2, 144.63
1676207990, 0, 0, 137, 137, 1, 0.30%, 0, 0, 2, 144.55
1676208016, 0, 0, 138, 138, 1, 0.30%, 0, 0, 2, 144.30
1676208026, 0, 0, 139, 139, 1, 0.30%, 0, 0, 2, 144.45
1676208062, 0, 45, 141, 140, 22, 0.30%, 0, 0, 3, 143.07
1676208067, 0, 45, 143, 142, 22, 0.30%, 0, 0, 3, 143.32
1676208088, 0, 45, 144, 143, 22, 0.30%, 0, 0, 3, 140.73
1676208093, 0, 45, 145, 144, 22, 0.30%, 0, 0, 3, 140.31
1676208113, 0, 45, 146, 145, 22, 0.30%, 0, 0, 3, 140.29
1676208124, 0, 45, 147, 146, 22, 0.30%, 0, 0, 3, 140.15
1676208129, 0, 45, 147, 146, 22, 0.30%, 1, 0, 3, 140.26
1676208149, 0, 45, 149, 148, 22, 0.30%, 1, 0, 3, 139.85
1676208155, 0, 45, 150, 149, 22, 0.30%, 1, 0, 3, 140.26
1676208160, 0, 45, 151, 150, 22, 0.30%, 1, 0, 3, 139.73
