# unix_time, cycles_done, cur_path, paths_total, pending_total, pending_favs, map_size, unique_crashes, unique_hangs, max_depth, execs_per_sec
1676216891, 0, 0, 1, 1, 1, 0.17%, 0, 0, 1, 68.97
1676216896, 0, 0, 21, 21, 1, 0.23%, 0, 0, 2, 126.70
1676216901, 0, 0, 24, 24, 1, 0.23%, 0, 0, 2, 138.93
1676216906, 0, 0, 33, 33, 1, 0.25%, 0, 0, 2, 141.68
1676216972, 0, 0, 49, 49, 1, 0.27%, 0, 0, 2, 142.66
1676216977, 0, 0, 52, 52, 1, 0.27%, 0, 0, 2, 144.33
1676217024, 0, 0, 53, 53, 1, 0.27%, 0, 0, 2, 144.52
1676217070, 0, 0, 54, 54, 1, 0.28%, 0, 0, 2, 143.83
1676217127, 0, 0, 55, 55, 1, 0.28%, 0, 0, 2, 144.59
1676217138, 0, 0, 56, 56, 1, 0.28%, 0, 0, 2, 144.56
1676217200, 0, 53, 57, 56, 14, 0.28%, 0, 0, 3, 142.93
1676217225, 1, 3, 57, 55, 14, 0.28%, 0, 0, 3, 142.35
1676217230, 1, 3, 58, 56, 14, 0.28%, 0, 0, 3, 141.87
1676217251, 1, 3, 60, 58, 14, 0.28%, 0, 0, 3, 140.86
1676217276, 1, 42, 60, 57, 13, 0.28%, 0, 0, 3, 140.24
1676217307, 1, 50, 60, 56, 11, 0.28%, 0, 0, 3, 142.48
