# unix_time, cycles_done, cur_path, paths_total, pending_total, pending_favs, map_size, unique_crashes, unique_hangs, max_depth, execs_per_sec
1676145212, 0, 0, 1, 1, 1, 0.07%, 0, 0, 1, 35.40
1676145217, 0, 0, 3, 3, 1, 0.08%, 0, 0, 2, 39.81
1676145242, 0, 0, 4, 4, 1, 0.12%, 0, 0, 2, 41.54
1676145247, 0, 0, 5, 5, 1, 0.15%, 0, 0, 2, 41.81
1676145252, 0, 0, 6, 6, 1, 0.15%, 0, 0, 2, 41.68
1676145258, 0, 0, 7, 7, 1, 0.15%, 0, 0, 2, 41.24
1676145273, 0, 0, 8, 8, 1, 0.17%, 0, 0, 2, 41.38
1676145288, 0, 0, 9, 9, 1, 0.19%, 0, 0, 2, 40.99
1676145293, 0, 0, 11, 11, 1, 0.19%, 0, 0, 2, 41.30
1676145299, 0, 0, 12, 12, 1, 0.19%, 0, 0, 2, 42.02
1676145304, 0, 0, 13, 13, 1, 0.20%, 0, 0, 2, 41.75
1676145324, 0, 0, 14, 14, 1, 0.20%, 0, 0, 2, 40.52
1676145344, 0, 0, 16, 16, 1, 0.21%, 0, 0, 2, 53.18
1676145401, 0, 7, 18, 17, 13, 0.21%, 0, 0, 3, 40.24
1676145406, 0, 7, 22, 21, 13, 0.21%, 0, 0, 3, 39.85
1676145436, 0, 7, 23, 22, 13, 0.21%, 0, 0, 3, 50.01
1676145549, 0, 7, 28, 27, 13, 0.21%, 0, 0, 3, 40.85
1676145554, 0, 7, 29, 28, 13, 0.21%, 0, 0, 3, 41.29
1676145559, 0, 7, 30, 29, 13, 0.21%, 0, 0, 3, 41.75
1676145564, 0, 7, 31, 30, 13, 0.21%, 0, 0, 3, 41.35
1676145610, 0, 7, 31, 30, 13, 0.21%, 1, 0, 3, 41.35
1676145631, 0, 7, 32, 31, 13, 0.21%, 1, 0, 3, 41.29
1676145656, 0, 7, 33, 32, 13, 0.21%, 1, 0, 3, 40.56
1676145666, 0, 32, 33, 31, 14, 0.21%, 1, 0, 3, 40.69
1676145682, 0, 32, 35, 33, 14, 0.22%, 1, 0, 4, 41.74
1676145692, 0, 32, 38, 36, 14, 0.22%, 1, 0, 4, 40.94
1676145702, 0, 32, 39, 37, 14, 0.22%, 1, 0, 4, 41.74
1676145718, 0, 32, 40, 38, 14, 0.22%, 1, 0, 4, 43.28
1676145723, 0, 32, 42, 40, 14, 0.23%, 1, 0, 4, 41.28
1676145759, 0, 32, 43, 41, 14, 0.23%, 1, 0, 4, 41.47
1676145769, 0, 32, 44, 42, 14, 0.23%, 1, 0, 4, 42.25
1676145795, 0, 32, 45, 43, 14, 0.23%, 1, 0, 4, 42.02
