# unix_time, cycles_done, cur_path, paths_total, pending_total, pending_favs, map_size, unique_crashes, unique_hangs, max_depth, execs_per_sec
1676193609, 0, 0, 1, 1, 1, 0.23%, 0, 0, 1, 50.63
1676193614, 0, 0, 15, 15, 1, 0.28%, 0, 0, 2, 60.01
1676193619, 0, 0, 22, 22, 1, 0.29%, 0, 0, 2, 58.56
1676193625, 0, 0, 33, 33, 1, 0.30%, 0, 0, 2, 60.44
1676193630, 0, 0, 40, 40, 1, 0.30%, 0, 0, 2, 59.35
1676193650, 0, 0, 44, 44, 1, 0.33%, 0, 0, 2, 61.87
1676193697, 0, 0, 45, 45, 1, 0.33%, 0, 0, 2, 60.26
1676193722, 0, 0, 46, 46, 1, 0.34%, 0, 0, 2, 58.71
1676193876, 0, 0, 52, 52, 1, 0.35%, 0, 0, 2, 57.45
1676193881, 0, 0, 69, 69, 1, 0.35%, 0, 0, 2, 62.02
1676193886, 0, 0, 76, 76, 1, 0.35%, 0, 0, 2, 61.14
1676193891, 0, 0, 82, 82, 1, 0.35%, 0, 0, 2, 61.52
1676193896, 0, 0, 86, 86, 1, 0.35%, 0, 0, 2, 61.87
1676193902, 0, 0, 87, 87, 1, 0.35%, 0, 0, 2, 62.34
1676193912, 0, 0, 88, 88, 1, 0.35%, 0, 0, 2, 62.00
1676193938, 0, 0, 90, 90, 1, 0.35%, 0, 0, 2, 61.55
1676193969, 0, 0, 91, 91, 1, 0.35%, 0, 0, 2, 62.54
1676193991, 0, 0, 92, 92, 1, 0.35%, 0, 0, 2, 2.65
1676194047, 0, 0, 93, 93, 1, 0.35%, 0, 0, 2, 132.42
