# unix_time, cycles_done, cur_path, paths_total, pending_total, pending_favs, map_size, unique_crashes, unique_hangs, max_depth, execs_per_sec
1676036995, 0, 0, 1, 1, 1, 0.13%, 0, 0, 1, 83.33
1676037000, 0, 0, 4, 4, 1, 0.14%, 0, 0, 2, 105.16
1676037010, 0, 0, 6, 6, 1, 0.17%, 0, 0, 2, 109.49
1676037015, 0, 0, 7, 7, 1, 0.25%, 0, 0, 2, 109.48
1676037021, 0, 0, 9, 9, 1, 0.29%, 0, 0, 2, 111.01
1676037031, 0, 0, 10, 10, 1, 0.29%, 0, 0, 2, 108.68
1676037036, 0, 0, 11, 11, 1, 0.29%, 0, 0, 2, 109.08
1676037041, 0, 0, 13, 13, 1, 0.29%, 0, 0, 2, 110.88
1676037052, 0, 0, 14, 14, 1, 0.33%, 0, 0, 2, 109.06
1676037057, 0, 0, 15, 15, 1, 0.33%, 0, 0, 2, 109.50
1676037067, 0, 0, 16, 16, 1, 0.34%, 0, 0, 2, 109.35
1676037072, 0, 0, 17, 17, 1, 0.34%, 0, 0, 2, 109.78
1676037092, 0, 0, 18, 18, 1, 0.34%, 0, 0, 2, 108.61
1676037112, 0, 0, 19, 19, 1, 0.34%, 0, 0, 2, 109.24
1676037138, 0, 0, 20, 20, 1, 0.34%, 0, 0, 2, 109.46
1676037143, 0, 0, 21, 21, 1, 0.34%, 0, 0, 2, 109.60
1676037168, 0, 0, 22, 22, 1, 0.34%, 0, 0, 2, 108.96
1676037173, 0, 0, 23, 23, 1, 0.34%, 0, 0, 2, 109.33
1676037189, 0, 0, 24, 24, 1, 0.34%, 0, 0, 2, 110.38
1676037229, 0, 0, 25, 25, 1, 0.34%, 0, 0, 2, 118.23
1676037300, 0, 22, 25, 24, 13, 0.34%, 0, 0, 2, 112.41
1676037305, 0, 22, 27, 26, 13, 0.35%, 0, 0, 3, 109.78
1676037311, 0, 22, 28, 27, 13, 0.35%, 0, 0, 3, 109.06
1676037326, 0, 22, 30, 29, 13, 0.35%, 0, 0, 3, 108.68
1676037331, 0, 22, 35, 34, 13, 0.35%, 1, 0, 3, 108.43
1676037336, 0, 22, 36, 35, 13, 0.35%, 1, 0, 3, 109.05
1676037341, 0, 22, 40, 39, 13, 0.35%, 1, 0, 3, 108.35
1676037346, 0, 22, 41, 40, 13, 0.35%, 1, 0, 3, 108.35
1676037351, 0, 22, 42, 41, 13, 0.35%, 1, 0, 3, 108.79
1676037356, 0, 22, 44, 43, 13, 0.35%, 1, 0, 3, 109.12
1676037366, 0, 22, 46, 45, 13, 0.35%, 1, 0, 3, 108.70
1676037392, 0, 22, 47, 46, 13, 0.35%, 1, 0, 3, 107.49
1676037397, 0, 22, 50, 49, 13, 0.35%, 1, 0, 3, 108.76
1676037402, 0, 22, 51, 50, 13, 0.35%, 1, 0, 3, 109.14
1676037407, 0, 22, 53, 52, 13, 0.35%, 1, 0, 3, 108.49
1676037417, 0, 22, 54, 53, 13, 0.35%, 1, 0, 3, 108.43
1676037422, 0, 22, 55, 54, 13, 0.35%, 1, 0, 3, 108.75
1676037443, 0, 22, 56, 55, 13, 0.35%, 1, 0, 3, 107.87
1676037463, 0, 22, 58, 57, 13, 0.35%, 1, 0, 3, 109.00
1676037468, 0, 22, 59, 58, 13, 0.35%, 1, 0, 3, 108.83
1676037498, 0, 22, 60, 59, 13, 0.35%, 1, 0, 3, 108.69
1676037518, 0, 22, 62, 61, 13, 0.35%, 1, 0, 3, 108.76
1676037564, 0, 22, 63, 62, 13, 0.35%, 1, 0, 3, 108.50
