# unix_time, cycles_done, cur_path, paths_total, pending_total, pending_favs, map_size, unique_crashes, unique_hangs, max_depth, execs_per_sec
1676144011, 0, 0, 1, 1, 1, 0.06%, 0, 0, 1, 86.96
1676144016, 0, 0, 3, 3, 1, 0.06%, 0, 0, 2, 117.33
1676144022, 0, 0, 4, 4, 1, 0.07%, 0, 0, 2, 120.31
1676144027, 0, 0, 5, 5, 1, 0.07%, 0, 0, 2, 124.22
1676144032, 0, 0, 7, 7, 1, 0.11%, 0, 0, 2, 122.71
1676144037, 0, 0, 9, 9, 1, 0.14%, 0, 0, 2, 122.04
1676144042, 0, 0, 12, 12, 1, 0.16%, 0, 0, 2, 121.67
1676144047, 0, 0, 13, 13, 1, 0.16%, 0, 0, 2, 122.24
1676144052, 0, 0, 14, 14, 1, 0.16%, 0, 0, 2, 121.92
1676144057, 0, 0, 15, 15, 1, 0.16%, 0, 0, 2, 122.88
1676144072, 0, 0, 16, 16, 1, 0.17%, 0, 0, 2, 122.58
1676144082, 0, 0, 17, 17, 1, 0.17%, 0, 0, 2, 113.80
1676144092, 0, 0, 18, 18, 1, 0.17%, 0, 0, 2, 120.40
1676144113, 0, 0, 20, 20, 1, 0.17%, 0, 0, 2, 120.32
1676144123, 0, 0, 21, 21, 1, 0.17%, 0, 0, 2, 105.28
1676144169, 0, 0, 22, 22, 1, 0.17%, 0, 0, 2, 100.90
1676144250, 0, 0, 23, 23, 1, 0.17%, 0, 0, 2, 107.40
1676144290, 0, 0, 24, 24, 1, 0.17%, 0, 0, 2, 109.99
1676144316, 0, 6, 25, 24, 12, 0.17%, 0, 0, 3, 107.43
1676144321, 0, 6, 26, 25, 12, 0.17%, 0, 0, 3, 108.66
1676144326, 0, 6, 27, 26, 12, 0.17%, 0, 0, 3, 108.29
1676144331, 0, 6, 28, 27, 12, 0.17%, 0, 0, 3, 30.94
1676144336, 0, 6, 29, 28, 12, 0.17%, 0, 0, 3, 87.36
1676144342, 0, 6, 30, 29, 12, 0.17%, 0, 0, 3, 93.04
1676144362, 0, 6, 31, 30, 12, 0.17%, 0, 0, 3, 97.31
1676144372, 0, 6, 32, 31, 12, 0.18%, 0, 0, 3, 95.49
1676144408, 0, 6, 33, 32, 12, 0.18%, 0, 0, 3, 97.11
1676144444, 0, 6, 33, 32, 12, 0.18%, 1, 0, 3, 102.31
1676144449, 0, 6, 34, 33, 12, 0.18%, 1, 0, 3, 92.99
1676144511, 0, 6, 35, 34, 12, 0.18%, 1, 0, 3, 99.14
1676144573, 0, 6, 36, 35, 12, 0.18%, 1, 0, 3, 97.73
1676144578, 0, 6, 37, 36, 12, 0.18%, 1, 0, 3, 102.71
