# unix_time, cycles_done, cur_path, paths_total, pending_total, pending_favs, map_size, unique_crashes, unique_hangs, max_depth, execs_per_sec
1676149341, 0, 0, 1, 1, 1, 0.07%, 0, 0, 1, 40.82
1676149346, 0, 0, 3, 3, 1, 0.09%, 0, 0, 2, 45.67
1676149371, 0, 0, 5, 5, 1, 0.09%, 0, 0, 2, 46.60
1676149376, 0, 0, 8, 8, 1, 0.20%, 0, 0, 2, 46.83
1676149391, 0, 0, 9, 9, 1, 0.20%, 0, 0, 2, 46.42
1676149407, 0, 0, 10, 10, 1, 0.20%, 0, 0, 2, 47.32
1676149412, 0, 0, 12, 12, 1, 0.21%, 0, 0, 2, 47.78
1676149422, 0, 0, 13, 13, 1, 0.21%, 0, 0, 2, 47.04
1676149427, 0, 0, 14, 14, 1, 0.21%, 0, 0, 2, 47.69
1676149432, 0, 0, 15, 15, 1, 0.22%, 0, 0, 2, 46.58
1676149442, 0, 0, 16, 16, 1, 0.22%, 0, 0, 2, 46.59
1676149447, 0, 0, 17, 17, 1, 0.22%, 0, 0, 2, 46.80
1676149493, 0, 0, 18, 18, 1, 0.22%, 0, 0, 2, 46.73
1676149498, 0, 0, 19, 19, 1, 0.22%, 0, 0, 2, 45.84
1676149503, 0, 0, 20, 20, 1, 0.22%, 0, 0, 2, 46.58
1676149564, 0, 0, 21, 21, 1, 0.23%, 0, 0, 2, 46.16
1676149609, 0, 0, 22, 22, 1, 0.23%, 0, 0, 2, 46.93
1676149630, 0, 0, 23, 23, 1, 0.23%, 0, 0, 2, 46.54
1676149655, 0, 0, 24, 24, 1, 0.23%, 0, 0, 2, 45.06
1676149665, 0, 0, 25, 25, 1, 0.23%, 0, 0, 2, 45.45
1676149690, 0, 0, 26, 26, 1, 0.23%, 0, 0, 2, 45.78
1676149721, 0, 21, 26, 25, 12, 0.23%, 0, 0, 2, 45.19
1676149726, 0, 21, 32, 31, 12, 0.23%, 0, 0, 3, 43.94
1676149731, 0, 21, 38, 37, 12, 0.23%, 0, 0, 3, 43.51
1676149746, 0, 21, 39, 38, 12, 0.23%, 0, 0, 3, 43.02
1676149751, 0, 21, 41, 40, 12, 0.23%, 0, 0, 3, 43.28
1676149898, 0, 21, 42, 41, 12, 0.23%, 0, 0, 3, 43.35
1676149908, 0, 21, 43, 42, 12, 0.23%, 0, 0, 3, 44.45
1676149913, 0, 21, 47, 46, 12, 0.23%, 0, 0, 3, 43.76
1676149919, 0, 21, 52, 51, 12, 0.23%, 0, 0, 3, 44.44
1676149924, 0, 21, 53, 52, 12, 0.23%, 0, 0, 3, 44.14
