# unix_time, cycles_done, cur_path, paths_total, pending_total, pending_favs, map_size, unique_crashes, unique_hangs, max_depth, execs_per_sec
1676169682, 0, 0, 1, 1, 1, 0.14%, 0, 0, 1, 26.23
1676169687, 0, 0, 3, 3, 1, 0.14%, 0, 0, 2, 35.08
1676169692, 0, 0, 4, 4, 1, 0.15%, 0, 0, 2, 39.69
1676169713, 0, 2, 4, 3, 2, 0.15%, 0, 0, 2, 70.17
1676169728, 0, 2, 10, 9, 2, 0.33%, 0, 0, 3, 63.33
1676169738, 0, 2, 11, 10, 2, 0.34%, 0, 0, 3, 65.35
1676169749, 0, 2, 12, 11, 2, 0.34%, 0, 0, 3, 76.82
1676169754, 0, 2, 13, 12, 2, 0.34%, 0, 0, 3, 78.26
1676169764, 0, 2, 15, 14, 2, 0.34%, 0, 0, 3, 80.23
1676169816, 0, 9, 19, 17, 9, 0.34%, 0, 0, 4, 84.41
1676169821, 0, 9, 20, 18, 9, 0.34%, 0, 0, 4, 76.78
1676169847, 0, 9, 21, 19, 9, 0.34%, 0, 0, 4, 70.30
1676169852, 0, 9, 23, 21, 9, 0.35%, 0, 0, 4, 77.67
1676169986, 0, 9, 29, 27, 9, 0.36%, 0, 0, 4, 77.86
1676169991, 0, 9, 31, 29, 9, 0.36%, 0, 0, 4, 75.45
1676169996, 0, 9, 33, 31, 9, 0.36%, 0, 0, 4, 77.25
1676170001, 0, 9, 34, 32, 9, 0.36%, 1, 0, 4, 79.09
1676170017, 0, 9, 35, 33, 9, 0.36%, 1, 0, 4, 82.42
1676170022, 0, 9, 36, 34, 9, 0.36%, 1, 0, 4, 80.75
1676170027, 0, 9, 37, 35, 9, 0.36%, 1, 0, 4, 75.34
1676170037, 0, 9, 38, 36, 9, 0.36%, 1, 0, 4, 77.30
1676170042, 0, 9, 39, 37, 9, 0.36%, 1, 0, 4, 78.94
1676170048, 0, 20, 39, 36, 13, 0.36%, 1, 0, 4, 69.72
1676170207, 0, 20, 42, 39, 13, 0.36%, 1, 0, 5, 74.37
1676170212, 0, 20, 46, 43, 13, 0.37%, 1, 0, 5, 78.10
1676170217, 0, 20, 49, 46, 13, 0.40%, 1, 0, 5, 81.03
1676170222, 0, 20, 52, 49, 13, 0.40%, 1, 0, 5, 82.25
1676170227, 0, 20, 54, 51, 13, 0.40%, 1, 0, 5, 80.67
1676170233, 0, 20, 55, 52, 13, 0.40%, 1, 0, 5, 77.79
1676170238, 0, 20, 57, 54, 13, 0.40%, 1, 0, 5, 80.68
1676170248, 0, 20, 59, 56, 13, 0.40%, 1, 0, 5, 82.03
1676170258, 0, 20, 60, 57, 13, 0.40%, 1, 0, 5, 78.68
1676170263, 0, 20, 62, 59, 13, 0.40%, 1, 0, 5, 75.12
1676170269, 0, 20, 63, 60, 13, 0.40%, 1, 0, 5, 72.78
