# unix_time, cycles_done, cur_path, paths_total, pending_total, pending_favs, map_size, unique_crashes, unique_hangs, max_depth, execs_per_sec
1676029765, 0, 0, 1, 1, 1, 0.08%, 0, 0, 1, 85.11
1676029770, 0, 0, 3, 3, 1, 0.09%, 0, 0, 2, 105.14
1676029780, 0, 0, 9, 9, 1, 0.12%, 0, 0, 2, 118.69
1676029786, 0, 0, 11, 11, 1, 0.13%, 0, 0, 2, 114.80
1676029791, 0, 0, 13, 13, 1, 0.13%, 0, 0, 2, 113.06
1676029811, 0, 0, 14, 14, 1, 0.13%, 0, 0, 2, 117.38
1676029816, 0, 0, 16, 16, 1, 0.13%, 0, 0, 2, 114.10
1676029827, 0, 0, 17, 17, 1, 0.13%, 0, 0, 2, 115.32
1676029944, 0, 0, 18, 18, 1, 0.13%, 0, 0, 2, 111.68
1676030020, 0, 0, 19, 19, 1, 0.13%, 0, 0, 2, 113.30
1676030066, 0, 3, 19, 18, 10, 0.13%, 0, 0, 2, 112.87
1676030076, 0, 3, 26, 25, 10, 0.13%, 0, 0, 3, 113.55
1676030081, 0, 3, 27, 26, 10, 0.14%, 0, 0, 3, 112.12
1676030086, 0, 3, 28, 27, 10, 0.14%, 0, 0, 3, 113.27
1676030092, 0, 3, 29, 28, 10, 0.14%, 0, 0, 3, 112.24
1676030097, 0, 3, 30, 29, 10, 0.14%, 0, 0, 3, 112.50
1676030138, 0, 3, 30, 29, 10, 0.14%, 1, 0, 3, 112.26
1676030173, 0, 3, 31, 30, 10, 0.14%, 1, 0, 3, 111.43
1676030255, 0, 3, 32, 31, 10, 0.14%, 1, 0, 3, 112.11
