# unix_time, cycles_done, cur_path, paths_total, pending_total, pending_favs, map_size, unique_crashes, unique_hangs, max_depth, execs_per_sec
1676173282, 0, 0, 1, 1, 1, 0.18%, 0, 0, 1, 68.38
1676173288, 0, 0, 4, 4, 1, 0.19%, 0, 0, 2, 80.47
1676173303, 0, 0, 7, 7, 1, 0.36%, 0, 0, 2, 83.87
1676173308, 0, 0, 8, 8, 1, 0.36%, 0, 0, 2, 83.71
1676173313, 0, 0, 11, 11, 1, 0.38%, 0, 0, 2, 83.95
1676173323, 0, 0, 12, 12, 1, 0.38%, 0, 0, 2, 82.71
1676173333, 0, 0, 13, 13, 1, 0.38%, 0, 0, 2, 82.66
1676173359, 0, 0, 14, 14, 1, 0.41%, 0, 0, 2, 84.17
1676173384, 0, 0, 15, 15, 1, 0.49%, 0, 0, 2, 83.66
1676173492, 0, 0, 16, 16, 1, 0.49%, 0, 0, 2, 79.91
1676173497, 0, 14, 16, 15, 10, 0.49%, 0, 0, 2, 79.07
1676173502, 0, 14, 17, 16, 10, 0.49%, 0, 0, 3, 76.56
1676173508, 0, 14, 19, 18, 10, 0.49%, 0, 0, 3, 74.52
1676173518, 0, 14, 20, 19, 10, 0.50%, 0, 0, 3, 75.21
1676173569, 0, 14, 21, 20, 10, 0.52%, 0, 0, 3, 74.62
1676173717, 0, 14, 27, 26, 10, 0.54%, 1, 0, 3, 77.29
1676173722, 0, 14, 28, 27, 10, 0.54%, 1, 0, 3, 77.44
1676173743, 0, 14, 29, 28, 10, 0.54%, 1, 0, 3, 76.92
1676173754, 0, 14, 30, 29, 10, 0.54%, 1, 0, 3, 77.14
1676173759, 0, 14, 31, 30, 10, 0.54%, 1, 0, 3, 77.74
1676173764, 0, 14, 32, 31, 10, 0.54%, 1, 0, 3, 77.03
1676173779, 0, 14, 33, 32, 10, 0.54%, 1, 0, 3, 86.74
1676173790, 0, 14, 34, 33, 10, 0.54%, 1, 0, 3, 77.72
1676173810, 0, 14, 35, 34, 10, 0.54%, 1, 0, 3, 76.61
1676173816, 0, 14, 36, 35, 10, 0.54%, 1, 0, 3, 76.85
1676173826, 0, 14, 37, 36, 10, 0.54%, 1, 0, 3, 77.38
1676173857, 0, 14, 38, 37, 10, 0.54%, 1, 0, 3, 77.18
1676173867, 0, 14, 39, 38, 10, 0.54%, 1, 0, 3, 76.54
1676173878, 0, 32, 39, 37, 16, 0.54%, 1, 0, 3, 77.23
