# unix_time, cycles_done, cur_path, paths_total, pending_total, pending_favs, map_size, unique_crashes, unique_hangs, max_depth, execs_per_sec
1676225569, 0, 0, 1, 1, 1, 0.40%, 0, 0, 1, 60.61
1676225575, 0, 0, 23, 23, 1, 0.49%, 0, 0, 2, 99.03
1676225580, 0, 0, 37, 37, 1, 0.50%, 0, 0, 2, 111.29
1676225585, 0, 0, 51, 51, 1, 0.51%, 0, 0, 2, 112.16
1676225590, 0, 0, 62, 62, 1, 0.51%, 0, 0, 2, 112.75
1676225595, 0, 0, 65, 65, 1, 0.51%, 0, 0, 2, 114.73
1676225600, 0, 0, 66, 66, 1, 0.52%, 0, 0, 2, 114.48
1676225606, 0, 0, 75, 75, 1, 0.57%, 0, 0, 2, 114.42
1676225805, 0, 0, 76, 76, 1, 0.58%, 0, 0, 2, 54.72
1676225810, 0, 0, 90, 90, 1, 0.59%, 0, 0, 2, 57.80
1676225815, 0, 0, 96, 96, 1, 0.60%, 0, 0, 2, 57.78
1676225820, 0, 0, 98, 98, 1, 0.60%, 0, 0, 2, 56.39
1676225825, 0, 0, 100, 100, 1, 0.60%, 0, 0, 2, 57.36
1676225830, 0, 0, 101, 101, 1, 0.60%, 0, 0, 2, 57.47
1676225835, 0, 0, 105, 105, 1, 0.60%, 0, 0, 2, 57.97
1676225841, 0, 0, 106, 106, 1, 0.60%, 1, 0, 2, 58.78
1676225851, 0, 0, 107, 107, 1, 0.60%, 1, 0, 2, 57.49
1676225871, 0, 0, 108, 108, 1, 0.60%, 1, 0, 2, 57.01
1676225887, 0, 0, 109, 109, 1, 0.60%, 1, 0, 2, 54.51
1676225892, 0, 0, 110, 110, 1, 0.60%, 1, 0, 2, 56.36
1676225918, 0, 0, 111, 111, 1, 0.60%, 1, 0, 2, 56.38
1676225923, 0, 0, 112, 112, 1, 0.60%, 1, 0, 2, 57.38
1676225999, 0, 0, 113, 113, 1, 0.60%, 1, 0, 2, 56.75
