# relative_time, cycles_done, cur_item, corpus_count, pending_total, pending_favs, map_size, saved_crashes, saved_hangs, max_depth, execs_per_sec, total_execs, edges_found
61, 0, 0, 12, 12, 1, 0.00%, 0, 0, 2, 24.28, 1524, 97
66, 0, 0, 12, 12, 1, 0.00%, 0, 0, 2, 24.81, 1652, 97
72, 0, 0, 13, 13, 1, 0.00%, 0, 0, 2, 24.16, 1775, 98
77, 0, 0, 14, 14, 1, 0.00%, 0, 0, 2, 24.78, 1902, 99
82, 0, 0, 14, 14, 1, 0.00%, 0, 0, 2, 24.84, 2029, 99
87, 0, 0, 14, 14, 1, 0.00%, 0, 0, 2, 24.89, 2155, 99
92, 0, 0, 14, 14, 1, 0.00%, 0, 0, 2, 24.58, 2282, 99
97, 0, 0, 14, 14, 1, 0.00%, 0, 0, 2, 24.83, 2408, 99
102, 0, 0, 14, 14, 1, 0.00%, 0, 0, 2, 24.74, 2533, 99
107, 0, 0, 14, 14, 1, 0.00%, 0, 0, 2, 23.74, 2657, 99
113, 0, 0, 15, 15, 1, 0.00%, 0, 0, 2, 24.29, 2782, 106
118, 0, 0, 15, 15, 1, 0.00%, 0, 0, 2, 25.06, 2914, 106
123, 0, 0, 15, 15, 1, 0.00%, 0, 0, 2, 24.15, 3040, 106
128, 0, 0, 17, 17, 1, 0.00%, 0, 0, 2, 24.43, 3160, 109
133, 0, 0, 17, 17, 1, 0.00%, 0, 0, 2, 25.04, 3289, 109
138, 0, 0, 17, 17, 1, 0.00%, 0, 0, 2, 24.85, 3414, 109
143, 0, 0, 17, 17, 1, 0.00%, 0, 0, 2, 24.77, 3539, 109
148, 0, 0, 17, 17, 1, 0.00%, 0, 0, 2, 24.93, 3668, 109
153, 0, 0, 17, 17, 1, 0.00%, 0, 0, 2, 24.73, 3795, 109
159, 0, 0, 17, 17, 1, 0.00%, 0, 0, 2, 24.79, 3921, 109
164, 0, 0, 18, 18, 1, 0.00%, 0, 0, 2, 24.85, 4048, 109
169, 0, 0, 18, 18, 1, 0.00%, 0, 0, 2, 24.59, 4174, 109
174, 0, 0, 18, 18, 1, 0.00%, 0, 0, 2, 24.76, 4299, 109
179, 0, 0, 18, 18, 1, 0.00%, 0, 0, 2, 24.86, 4425, 109
184, 0, 0, 20, 20, 1, 0.00%, 0, 0, 2, 24.18, 4553, 112
189, 0, 0, 20, 20, 1, 0.00%, 0, 0, 2, 24.61, 4679, 112
194, 0, 0, 20, 20, 1, 0.00%, 0, 0, 2, 24.62, 4804, 112
200, 0, 0, 20, 20, 1, 0.00%, 0, 0, 2, 24.84, 4932, 112
205, 0, 0, 20, 20, 1, 0.00%, 0, 0, 2, 24.59, 5057, 112
210, 0, 0, 21, 21, 1, 0.00%, 0, 0, 2, 24.60, 5179, 112
215, 0, 0, 21, 21, 1, 0.00%, 0, 0, 2, 24.42, 5305, 112
220, 0, 0, 21, 21, 1, 0.00%, 0, 0, 2, 24.52, 5430, 112
225, 0, 0, 21, 21, 1, 0.00%, 0, 0, 2, 24.85, 5559, 112
230, 0, 0, 21, 21, 1, 0.00%, 0, 0, 2, 24.73, 5684, 112
236, 0, 0, 22, 22, 1, 0.00%, 0, 0, 2, 24.52, 5814, 113
241, 0, 0, 22, 22, 1, 0.00%, 0, 0, 2, 24.61, 5940, 113
246, 0, 0, 22, 22, 1, 0.00%, 0, 0, 2, 24.43, 6065, 113
251, 0, 0, 22, 22, 1, 0.00%, 0, 0, 2, 24.65, 6190, 113
256, 0, 0, 22, 22, 1, 0.00%, 0, 0, 2, 24.76, 6316, 113
261, 0, 0, 22, 22, 1, 0.00%, 0, 0, 2, 24.71, 6441, 113
266, 0, 0, 23, 23, 1, 0.00%, 0, 0, 2, 24.72, 6567, 113
271, 0, 0, 23, 23, 1, 0.00%, 0, 0, 2, 24.71, 6692, 113
276, 0, 0, 28, 28, 1, 0.00%, 0, 0, 2, 23.93, 6808, 116
281, 0, 0, 31, 31, 1, 0.00%, 0, 0, 2, 24.15, 6928, 116
286, 0, 0, 33, 33, 1, 0.00%, 0, 0, 2, 23.82, 7046, 116
291, 0, 0, 36, 36, 1, 0.00%, 0, 0, 2, 24.08, 7168, 116
296, 0, 0, 37, 37, 1, 0.00%, 0, 0, 2, 24.54, 7291, 116
302, 0, 0, 40, 40, 1, 0.00%, 0, 0, 2, 24.24, 7409, 116
307, 0, 0, 40, 40, 1, 0.00%, 0, 0, 2, 24.62, 7534, 116
312, 0, 0, 40, 40, 1, 0.00%, 0, 0, 2, 24.50, 7659, 116
317, 0, 0, 41, 41, 1, 0.00%, 0, 0, 2, 24.54, 7782, 116
322, 0, 0, 41, 41, 1, 0.00%, 0, 0, 2, 24.75, 7907, 116
327, 0, 0, 41, 41, 1, 0.00%, 0, 0, 2, 24.60, 8031, 116
332, 0, 0, 41, 41, 1, 0.00%, 0, 0, 2, 25.06, 8157, 116
337, 0, 0, 42, 42, 1, 0.00%, 0, 0, 2, 24.50, 8280, 118
342, 0, 0, 42, 42, 1, 0.00%, 0, 0, 2, 24.62, 8408, 118
347, 0, 0, 43, 43, 1, 0.00%, 0, 0, 2, 23.64, 8528, 119
352, 0, 13, 44, 43, 20, 0.00%, 0, 0, 2, 24.01, 8649, 121
357, 0, 13, 44, 43, 20, 0.00%, 0, 0, 2, 24.46, 8774, 121
363, 0, 35, 44, 42, 19, 0.00%, 0, 0, 2, 24.23, 8899, 121
368, 0, 35, 45, 43, 19, 0.00%, 0, 0, 3, 24.39, 9022, 123
373, 0, 44, 45, 41, 18, 0.00%, 0, 0, 3, 24.15, 9147, 123
378, 0, 44, 45, 41, 18, 0.00%, 1, 0, 3, 24.32, 9272, 123
383, 0, 44, 45, 41, 18, 0.00%, 1, 0, 3, 24.64, 9397, 123
388, 0, 14, 45, 40, 17, 0.00%, 1, 0, 3, 24.56, 9525, 123
393, 0, 14, 45, 40, 17, 0.00%, 1, 0, 3, 24.49, 9651, 123
399, 0, 19, 45, 39, 16, 0.00%, 1, 0, 3, 24.48, 9776, 123
404, 0, 19, 45, 39, 16, 0.00%, 1, 0, 3, 24.91, 9905, 123
409, 0, 5, 45, 38, 15, 0.00%, 1, 0, 3, 24.60, 10031, 123
414, 0, 5, 45, 38, 15, 0.00%, 1, 0, 3, 24.61, 10156, 123
419, 0, 24, 45, 37, 14, 0.00%, 1, 0, 3, 24.73, 10283, 123
424, 0, 24, 45, 37, 14, 0.00%, 1, 0, 3, 24.58, 10406, 123
429, 0, 4, 45, 36, 13, 0.00%, 1, 0, 3, 24.55, 10531, 123
434, 0, 4, 46, 37, 13, 0.00%, 1, 0, 3, 24.75, 10657, 124
440, 0, 3, 46, 36, 13, 0.00%, 1, 0, 3, 24.33, 10780, 124
445, 0, 3, 46, 36, 13, 0.00%, 1, 0, 3, 24.66, 10906, 124
450, 0, 18, 46, 35, 12, 0.00%, 1, 0, 3, 24.40, 11030, 124
455, 0, 1, 46, 34, 11, 0.00%, 1, 0, 3, 24.23, 11156, 124
460, 0, 15, 46, 34, 11, 0.00%, 1, 0, 3, 24.48, 11281, 124
465, 0, 15, 46, 34, 11, 0.00%, 1, 0, 3, 24.67, 11408, 124
470, 0, 16, 46, 33, 10, 0.00%, 1, 0, 3, 24.68, 11534, 124
475, 0, 16, 46, 33, 10, 0.00%, 1, 0, 3, 24.62, 11659, 124
480, 0, 45, 46, 32, 9, 0.00%, 1, 0, 3, 24.45, 11784, 124
486, 0, 45, 49, 35, 9, 0.00%, 1, 0, 4, 24.10, 11904, 125
491, 0, 20, 49, 34, 9, 0.00%, 1, 0, 4, 23.98, 12029, 125
496, 0, 20, 50, 35, 9, 0.00%, 1, 0, 4, 24.37, 12155, 125
501, 0, 20, 51, 36, 9, 0.00%, 1, 0, 4, 24.48, 12277, 127
506, 0, 9, 51, 35, 8, 0.00%, 1, 0, 4, 24.55, 12402, 127
511, 0, 9, 52, 36, 8, 0.00%, 1, 0, 4, 24.43, 12527, 127
516, 0, 43, 52, 35, 7, 0.00%, 1, 0, 4, 24.14, 12650, 127
522, 0, 43, 52, 35, 7, 0.00%, 1, 0, 4, 24.42, 12775, 127
527, 0, 41, 52, 34, 6, 0.00%, 1, 0, 4, 23.85, 12898, 127
532, 0, 41, 52, 34, 6, 0.00%, 1, 0, 4, 24.64, 13024, 127
537, 0, 48, 53, 34, 5, 0.00%, 1, 0, 5, 23.95, 13147, 127
542, 0, 48, 53, 34, 5, 0.00%, 1, 0, 5, 24.40, 13272, 127
547, 0, 48, 53, 34, 5, 0.00%, 1, 0, 5, 24.79, 13397, 127
552, 0, 11, 53, 33, 4, 0.00%, 1, 0, 5, 23.91, 13520, 127
557, 0, 11, 53, 33, 4, 0.00%, 1, 0, 5, 24.43, 13645, 127
562, 0, 50, 53, 32, 3, 0.00%, 1, 0, 5, 23.75, 13768, 127
567, 0, 50, 56, 35, 3, 0.00%, 1, 0, 5, 24.06, 13888, 127
573, 0, 50, 59, 38, 3, 0.00%, 1, 0, 5, 23.76, 14004, 127
578, 0, 50, 60, 39, 3, 0.00%, 1, 0, 5, 24.34, 14130, 127
583, 0, 50, 60, 39, 3, 0.00%, 1, 0, 5, 24.66, 14257, 127
588, 0, 50, 60, 39, 3, 0.00%, 1, 0, 5, 24.60, 14382, 127
593, 0, 50, 60, 39, 3, 0.00%, 1, 0, 5, 24.63, 14508, 127
598, 0, 50, 61, 40, 3, 0.00%, 1, 0, 5, 24.25, 14628, 127
