# unix_time, cycles_done, cur_path, paths_total, pending_total, pending_favs, map_size, unique_crashes, unique_hangs, max_depth, execs_per_sec
1676208647, 0, 0, 1, 1, 1, 0.09%, 0, 0, 1, 94.12
1676208652, 0, 0, 16, 16, 1, 0.11%, 0, 0, 2, 142.76
1676208657, 0, 0, 19, 19, 1, 0.12%, 0, 0, 2, 152.46
1676208662, 0, 0, 20, 20, 1, 0.12%, 0, 0, 2, 154.73
1676208683, 0, 0, 36, 36, 1, 0.14%, 0, 0, 2, 155.33
1676208688, 0, 0, 40, 40, 1, 0.14%, 0, 0, 2, 155.45
1676208718, 0, 0, 41, 41, 1, 0.14%, 0, 0, 2, 155.21
1676208729, 0, 0, 42, 42, 1, 0.14%, 0, 0, 2, 155.13
1676208749, 0, 0, 43, 43, 1, 0.14%, 0, 0, 2, 154.83
1676210810, 0, 15, 43, 42, 14, 0.14%, 0, 0, 2, 155.91
1676211031, 0, 18, 43, 41, 14, 0.14%, 0, 0, 2, 156.45
1676211052, 0, 18, 44, 42, 14, 0.14%, 0, 0, 3, 157.08
1676211067, 0, 19, 44, 41, 13, 0.14%, 0, 0, 3, 155.75
1676211082, 0, 21, 44, 40, 12, 0.14%, 0, 0, 3, 155.61
1676211102, 0, 26, 44, 39, 11, 0.14%, 0, 0, 3, 154.49
1676211128, 0, 28, 44, 38, 10, 0.14%, 0, 0, 3, 155.78
1676211138, 0, 29, 44, 37, 9, 0.14%, 0, 0, 3, 155.78
1676211158, 0, 36, 44, 36, 8, 0.14%, 0, 0, 3, 155.96
1676211204, 0, 39, 44, 35, 8, 0.14%, 0, 0, 3, 156.56
