# unix_time, cycles_done, cur_path, paths_total, pending_total, pending_favs, map_size, unique_crashes, unique_hangs, max_depth, execs_per_sec
1676019042, 0, 0, 1, 1, 1, 0.08%, 0, 0, 1, 84.21
1676019047, 0, 0, 3, 3, 1, 0.09%, 0, 0, 2, 109.70
1676019058, 0, 0, 7, 7, 1, 0.11%, 0, 0, 2, 114.42
1676019068, 0, 0, 9, 9, 1, 0.12%, 0, 0, 2, 116.92
1676019073, 0, 0, 10, 10, 1, 0.12%, 0, 0, 2, 122.13
1676019083, 0, 0, 11, 11, 1, 0.13%, 0, 0, 2, 113.99
1676019094, 0, 0, 12, 12, 1, 0.13%, 0, 0, 2, 113.50
1676019104, 0, 0, 13, 13, 1, 0.13%, 0, 0, 2, 114.26
1676019114, 0, 0, 15, 15, 1, 0.13%, 0, 0, 2, 114.08
1676019119, 0, 0, 16, 16, 1, 0.13%, 0, 0, 2, 114.10
1676019129, 0, 0, 17, 17, 1, 0.13%, 0, 0, 2, 113.38
1676019159, 0, 0, 18, 18, 1, 0.13%, 0, 0, 2, 113.51
1676019179, 0, 0, 19, 19, 1, 0.13%, 0, 0, 2, 113.95
1676020142, 0, 0, 20, 20, 1, 0.13%, 0, 0, 2, 121.54
1676021312, 0, 4, 20, 19, 10, 0.13%, 0, 0, 2, 124.91
1676022305, 0, 4, 23, 22, 10, 0.13%, 0, 0, 3, 123.93
1676022325, 0, 4, 24, 23, 10, 0.13%, 0, 0, 3, 122.84
1676023319, 0, 4, 25, 24, 10, 0.13%, 0, 0, 3, 124.44
1676024314, 0, 4, 26, 25, 10, 0.13%, 0, 0, 3, 0.03
1676026622, 0, 23, 27, 25, 10, 0.13%, 0, 0, 4, 120.99
1676027263, 0, 23, 28, 26, 10, 0.13%, 0, 0, 4, 0.01
1676027278, 0, 23, 29, 27, 10, 0.13%, 0, 0, 4, 123.12
