# unix_time, cycles_done, cur_path, paths_total, pending_total, pending_favs, map_size, unique_crashes, unique_hangs, max_depth, execs_per_sec
1676154370, 0, 0, 1, 1, 1, 0.08%, 0, 0, 1, 33.33
1676154375, 0, 0, 3, 3, 1, 0.09%, 0, 0, 2, 37.85
1676154406, 0, 0, 5, 5, 1, 0.10%, 0, 0, 2, 37.72
1676154416, 0, 0, 6, 6, 1, 0.11%, 0, 0, 2, 37.52
1676154421, 0, 0, 9, 9, 1, 0.13%, 0, 0, 2, 36.68
1676154431, 0, 0, 10, 10, 1, 0.14%, 0, 0, 2, 36.79
1676154436, 0, 0, 11, 11, 1, 0.14%, 0, 0, 2, 37.45
1676154441, 0, 0, 12, 12, 1, 0.14%, 0, 0, 2, 33.33
1676154451, 0, 0, 13, 13, 1, 0.14%, 0, 0, 2, 34.38
1676154457, 0, 0, 14, 14, 1, 0.14%, 0, 0, 2, 38.18
1676154462, 0, 0, 15, 15, 1, 0.14%, 0, 0, 2, 42.54
1676154467, 0, 0, 16, 16, 1, 0.15%, 0, 0, 2, 43.36
1676154472, 0, 0, 17, 17, 1, 0.15%, 0, 0, 2, 42.54
1676154487, 0, 0, 18, 18, 1, 0.15%, 0, 0, 2, 41.00
1676154507, 0, 0, 19, 19, 1, 0.15%, 0, 0, 2, 41.19
1676154518, 0, 0, 20, 20, 1, 0.15%, 0, 0, 2, 38.39
1676154548, 0, 0, 21, 21, 1, 0.15%, 0, 0, 2, 41.03
1676154553, 0, 0, 22, 22, 1, 0.15%, 0, 0, 2, 38.26
1676154574, 0, 15, 23, 22, 11, 0.15%, 0, 0, 2, 39.95
1676154584, 0, 15, 27, 26, 11, 0.15%, 0, 0, 3, 37.84
1676154589, 0, 15, 31, 30, 11, 0.15%, 0, 0, 3, 40.52
1676154594, 0, 15, 32, 31, 11, 0.15%, 0, 0, 3, 41.25
1676154599, 0, 15, 33, 32, 11, 0.16%, 0, 0, 3, 42.11
1676154605, 0, 15, 34, 33, 11, 0.16%, 0, 0, 3, 41.97
1676154620, 0, 15, 35, 34, 11, 0.16%, 0, 0, 3, 42.39
1676154660, 0, 15, 36, 35, 11, 0.16%, 0, 0, 3, 42.36
1676154691, 0, 15, 37, 36, 11, 0.16%, 0, 0, 3, 41.37
1676154706, 0, 15, 38, 37, 11, 0.16%, 0, 0, 3, 42.32
1676154742, 0, 32, 38, 36, 12, 0.16%, 0, 0, 3, 42.05
1676154752, 0, 32, 41, 39, 12, 0.16%, 0, 0, 4, 51.78
1676154838, 0, 33, 42, 39, 12, 0.16%, 0, 0, 4, 43.01
1676154919, 0, 33, 43, 40, 12, 0.16%, 0, 0, 4, 43.47
1676154929, 0, 33, 45, 42, 12, 0.16%, 0, 0, 4, 43.74
1676154939, 0, 33, 46, 43, 12, 0.16%, 0, 0, 4, 43.08
