# relative_time, cycles_done, cur_item, corpus_count, pending_total, pending_favs, map_size, saved_crashes, saved_hangs, max_depth, execs_per_sec, total_execs, edges_found
63, 0, 0, 8, 8, 1, 0.00%, 0, 0, 2, 7.92, 487, 102
68, 0, 0, 8, 8, 1, 0.00%, 0, 0, 2, 7.57, 525, 102
73, 0, 0, 8, 8, 1, 0.00%, 0, 0, 2, 6.86, 559, 102
78, 0, 0, 9, 9, 1, 0.00%, 0, 0, 2, 6.95, 595, 105
83, 0, 0, 9, 9, 1, 0.00%, 0, 0, 2, 7.34, 634, 105
89, 0, 0, 9, 9, 1, 0.00%, 0, 0, 2, 7.80, 675, 105
94, 0, 0, 10, 10, 1, 0.00%, 0, 0, 2, 7.78, 714, 108
99, 0, 0, 10, 10, 1, 0.00%, 0, 0, 2, 7.85, 754, 108
104, 0, 0, 10, 10, 1, 0.00%, 0, 0, 2, 7.71, 793, 108
109, 0, 0, 10, 10, 1, 0.00%, 0, 0, 2, 7.67, 831, 108
114, 0, 0, 10, 10, 1, 0.00%, 0, 0, 2, 7.83, 872, 108
119, 0, 0, 10, 10, 1, 0.00%, 0, 0, 2, 7.84, 912, 108
125, 0, 0, 10, 10, 1, 0.00%, 0, 0, 2, 7.94, 953, 108
130, 0, 0, 10, 10, 1, 0.00%, 0, 0, 2, 7.92, 993, 108
135, 0, 0, 10, 10, 1, 0.00%, 0, 0, 2, 7.89, 1033, 108
140, 0, 0, 10, 10, 1, 0.00%, 0, 0, 2, 7.93, 1073, 108
145, 0, 0, 10, 10, 1, 0.00%, 0, 0, 2, 7.91, 1113, 108
150, 0, 0, 10, 10, 1, 0.00%, 0, 0, 2, 7.92, 1153, 108
155, 0, 0, 10, 10, 1, 0.00%, 0, 0, 2, 7.30, 1191, 108
160, 0, 0, 11, 11, 1, 0.00%, 0, 0, 2, 7.45, 1228, 109
165, 0, 0, 11, 11, 1, 0.00%, 0, 0, 2, 7.11, 1262, 109
171, 0, 0, 11, 11, 1, 0.00%, 0, 0, 2, 7.35, 1300, 109
176, 0, 0, 11, 11, 1, 0.00%, 0, 0, 2, 7.68, 1340, 109
181, 0, 0, 11, 11, 1, 0.00%, 0, 0, 2, 7.63, 1379, 109
186, 0, 0, 11, 11, 1, 0.00%, 0, 0, 2, 6.78, 1411, 109
191, 0, 0, 11, 11, 1, 0.00%, 0, 0, 2, 6.96, 1447, 109
196, 0, 0, 11, 11, 1, 0.00%, 0, 0, 2, 8.74, 1493, 109
201, 0, 0, 11, 11, 1, 0.00%, 0, 0, 2, 9.50, 1542, 109
206, 0, 0, 12, 12, 1, 0.00%, 0, 0, 2, 9.73, 1590, 110
211, 0, 0, 12, 12, 1, 0.00%, 0, 0, 2, 10.14, 1643, 110
216, 0, 0, 12, 12, 1, 0.00%, 0, 0, 2, 9.93, 1693, 110
221, 0, 0, 12, 12, 1, 0.00%, 0, 0, 2, 10.10, 1745, 110
227, 0, 0, 12, 12, 1, 0.00%, 0, 0, 2, 10.03, 1796, 110
232, 0, 0, 13, 13, 1, 0.00%, 0, 0, 2, 9.97, 1848, 123
237, 0, 0, 13, 13, 1, 0.00%, 0, 0, 2, 10.09, 1900, 123
242, 0, 0, 13, 13, 1, 0.00%, 0, 0, 2, 10.19, 1954, 123
247, 0, 0, 13, 13, 1, 0.00%, 0, 0, 2, 9.97, 2004, 123
252, 0, 0, 13, 13, 1, 0.00%, 0, 0, 2, 10.06, 2056, 123
257, 0, 0, 13, 13, 1, 0.00%, 0, 0, 2, 10.04, 2107, 123
263, 0, 0, 13, 13, 1, 0.00%, 0, 0, 2, 9.88, 2158, 123
268, 0, 0, 14, 14, 1, 0.00%, 0, 0, 2, 9.84, 2207, 124
273, 0, 0, 14, 14, 1, 0.00%, 0, 0, 2, 10.02, 2259, 124
278, 0, 0, 15, 15, 1, 0.00%, 0, 0, 2, 9.97, 2310, 136
283, 0, 0, 15, 15, 1, 0.00%, 0, 0, 2, 10.21, 2363, 136
288, 0, 0, 15, 15, 1, 0.00%, 0, 0, 2, 10.09, 2416, 136
293, 0, 0, 15, 15, 1, 0.00%, 0, 0, 2, 9.97, 2468, 136
299, 0, 0, 15, 15, 1, 0.00%, 0, 0, 2, 10.38, 2523, 136
304, 0, 0, 15, 15, 1, 0.00%, 0, 0, 2, 9.97, 2573, 136
309, 0, 0, 15, 15, 1, 0.00%, 0, 0, 2, 10.21, 2625, 136
314, 0, 0, 15, 15, 1, 0.00%, 0, 0, 2, 10.04, 2676, 136
319, 0, 0, 15, 15, 1, 0.00%, 0, 0, 2, 10.12, 2728, 136
324, 0, 0, 15, 15, 1, 0.00%, 0, 0, 2, 11.19, 2784, 136
329, 0, 0, 15, 15, 1, 0.00%, 0, 0, 2, 15.08, 2876, 136
335, 0, 0, 15, 15, 1, 0.00%, 0, 0, 2, 10.89, 2927, 136
340, 0, 0, 15, 15, 1, 0.00%, 0, 0, 2, 10.12, 2978, 136
345, 0, 0, 15, 15, 1, 0.00%, 0, 0, 2, 10.07, 3029, 136
350, 0, 0, 15, 15, 1, 0.00%, 0, 0, 2, 9.98, 3080, 136
355, 0, 0, 16, 16, 1, 0.00%, 0, 0, 2, 9.59, 3128, 148
360, 0, 0, 16, 16, 1, 0.00%, 0, 0, 2, 9.77, 3178, 148
365, 0, 0, 16, 16, 1, 0.00%, 0, 0, 2, 9.74, 3227, 148
370, 0, 0, 16, 16, 1, 0.00%, 0, 0, 2, 9.72, 3276, 148
375, 0, 0, 16, 16, 1, 0.00%, 0, 0, 2, 9.80, 3325, 148
381, 0, 0, 18, 18, 1, 0.00%, 0, 0, 2, 9.68, 3378, 149
386, 0, 0, 19, 19, 1, 0.00%, 0, 0, 2, 9.53, 3425, 150
391, 0, 0, 21, 21, 1, 0.00%, 0, 0, 2, 9.61, 3472, 151
396, 0, 0, 22, 22, 1, 0.00%, 0, 0, 2, 9.63, 3520, 155
401, 0, 0, 22, 22, 1, 0.00%, 0, 0, 2, 9.57, 3570, 155
406, 0, 0, 22, 22, 1, 0.00%, 0, 0, 2, 9.93, 3622, 155
411, 0, 0, 22, 22, 1, 0.00%, 0, 0, 2, 9.93, 3674, 155
416, 0, 0, 23, 23, 1, 0.00%, 0, 0, 2, 9.67, 3721, 155
422, 0, 0, 24, 24, 1, 0.00%, 0, 0, 2, 9.67, 3770, 156
427, 0, 0, 24, 24, 1, 0.00%, 0, 0, 2, 9.80, 3821, 156
432, 0, 0, 24, 24, 1, 0.00%, 0, 0, 2, 9.84, 3871, 156
437, 0, 0, 24, 24, 1, 0.00%, 0, 0, 2, 9.87, 3922, 156
442, 0, 0, 24, 24, 1, 0.00%, 0, 0, 2, 9.73, 3973, 156
447, 0, 0, 25, 25, 1, 0.00%, 0, 0, 2, 9.28, 4018, 158
452, 0, 0, 25, 25, 1, 0.00%, 0, 0, 2, 9.67, 4068, 158
457, 0, 0, 25, 25, 1, 0.00%, 0, 0, 2, 9.71, 4117, 158
462, 0, 0, 25, 25, 1, 0.00%, 0, 0, 2, 9.89, 4167, 158
468, 0, 0, 25, 25, 1, 0.00%, 0, 0, 2, 9.97, 4220, 158
473, 0, 0, 27, 27, 1, 0.00%, 0, 0, 2, 9.84, 4272, 158
478, 0, 0, 27, 27, 1, 0.00%, 0, 0, 2, 9.73, 4322, 158
483, 0, 0, 27, 27, 1, 0.00%, 0, 0, 2, 9.74, 4371, 158
489, 0, 0, 27, 27, 1, 0.00%, 0, 0, 2, 9.75, 4421, 158
494, 0, 0, 27, 27, 1, 0.00%, 0, 0, 2, 9.77, 4472, 158
499, 0, 0, 27, 27, 1, 0.00%, 0, 0, 2, 9.84, 4523, 158
504, 0, 0, 27, 27, 1, 0.00%, 0, 0, 2, 9.67, 4572, 158
509, 0, 0, 27, 27, 1, 0.00%, 0, 0, 2, 9.58, 4620, 158
514, 0, 0, 27, 27, 1, 0.00%, 0, 0, 2, 9.53, 4668, 158
519, 0, 0, 27, 27, 1, 0.00%, 0, 0, 2, 9.75, 4719, 158
524, 0, 0, 27, 27, 1, 0.00%, 0, 0, 2, 9.95, 4772, 158
530, 0, 0, 27, 27, 1, 0.00%, 0, 0, 2, 9.93, 4824, 158
535, 0, 0, 27, 27, 1, 0.00%, 0, 0, 2, 9.83, 4874, 158
540, 0, 0, 27, 27, 1, 0.00%, 0, 0, 2, 9.94, 4925, 158
545, 0, 0, 27, 27, 1, 0.00%, 0, 0, 2, 9.72, 4974, 158
550, 0, 0, 28, 28, 1, 0.00%, 0, 0, 2, 9.78, 5024, 158
555, 0, 0, 28, 28, 1, 0.00%, 0, 0, 2, 9.59, 5073, 158
560, 0, 0, 29, 29, 1, 0.00%, 0, 0, 2, 9.52, 5120, 160
565, 0, 0, 30, 30, 1, 0.00%, 0, 0, 2, 9.54, 5169, 160
570, 0, 10, 30, 29, 17, 0.00%, 0, 0, 2, 9.40, 5215, 160
575, 0, 10, 30, 29, 17, 0.00%, 0, 0, 2, 8.30, 5255, 160
581, 0, 10, 30, 29, 17, 0.00%, 0, 0, 2, 9.61, 5307, 160
586, 0, 15, 30, 28, 16, 0.00%, 0, 0, 2, 9.84, 5358, 160
591, 0, 15, 30, 28, 16, 0.00%, 0, 0, 2, 9.87, 5409, 160
596, 0, 15, 30, 28, 16, 0.00%, 0, 0, 2, 10.05, 5462, 160
597, 0, 15, 30, 28, 16, 0.00%, 0, 0, 2, 9.85, 5469, 160
