# relative_time, cycles_done, cur_item, corpus_count, pending_total, pending_favs, map_size, saved_crashes, saved_hangs, max_depth, execs_per_sec, total_execs, edges_found
61, 0, 0, 10, 10, 1, 0.00%, 0, 0, 2, 23.63, 1439, 90
66, 0, 0, 10, 10, 1, 0.00%, 0, 0, 2, 23.55, 1558, 90
71, 0, 0, 10, 10, 1, 0.00%, 0, 0, 2, 23.75, 1678, 90
76, 0, 0, 10, 10, 1, 0.00%, 0, 0, 2, 23.22, 1796, 90
81, 0, 0, 10, 10, 1, 0.00%, 0, 0, 2, 23.59, 1916, 90
86, 0, 0, 10, 10, 1, 0.00%, 0, 0, 2, 23.67, 2036, 90
91, 0, 0, 10, 10, 1, 0.00%, 0, 0, 2, 23.62, 2156, 90
96, 0, 0, 10, 10, 1, 0.00%, 0, 0, 2, 23.74, 2276, 90
101, 0, 0, 11, 11, 1, 0.00%, 0, 0, 2, 23.52, 2396, 94
107, 0, 0, 11, 11, 1, 0.00%, 0, 0, 2, 23.47, 2516, 94
112, 0, 0, 11, 11, 1, 0.00%, 0, 0, 2, 23.04, 2634, 94
117, 0, 0, 11, 11, 1, 0.00%, 0, 0, 2, 23.07, 2754, 94
122, 0, 0, 11, 11, 1, 0.00%, 0, 0, 2, 22.81, 2873, 94
127, 0, 0, 12, 12, 1, 0.00%, 0, 0, 2, 22.91, 2986, 96
132, 0, 0, 12, 12, 1, 0.00%, 0, 0, 2, 23.00, 3106, 96
137, 0, 0, 12, 12, 1, 0.00%, 0, 0, 2, 22.71, 3221, 96
143, 0, 0, 13, 13, 1, 0.00%, 0, 0, 2, 22.56, 3337, 97
148, 0, 0, 13, 13, 1, 0.00%, 0, 0, 2, 22.38, 3451, 97
153, 0, 0, 13, 13, 1, 0.00%, 0, 0, 2, 22.51, 3566, 97
158, 0, 0, 13, 13, 1, 0.00%, 0, 0, 2, 22.54, 3681, 97
163, 0, 0, 14, 14, 1, 0.00%, 0, 0, 2, 22.40, 3794, 98
168, 0, 0, 14, 14, 1, 0.00%, 0, 0, 2, 22.36, 3909, 98
173, 0, 0, 15, 15, 1, 0.00%, 0, 0, 2, 22.23, 4021, 99
178, 0, 0, 16, 16, 1, 0.00%, 0, 0, 2, 21.85, 4132, 99
183, 0, 0, 17, 17, 1, 0.00%, 0, 0, 2, 21.52, 4240, 99
188, 0, 0, 17, 17, 1, 0.00%, 0, 0, 2, 21.85, 4350, 99
194, 0, 0, 17, 17, 1, 0.00%, 0, 0, 2, 21.58, 4460, 99
199, 0, 0, 17, 17, 1, 0.00%, 0, 0, 2, 20.83, 4564, 99
204, 0, 0, 17, 17, 1, 0.00%, 0, 0, 2, 21.41, 4673, 99
209, 0, 0, 17, 17, 1, 0.00%, 0, 0, 2, 21.53, 4783, 99
214, 0, 0, 17, 17, 1, 0.00%, 0, 0, 2, 21.52, 4893, 99
219, 0, 0, 17, 17, 1, 0.00%, 0, 0, 2, 21.41, 5001, 99
224, 0, 0, 17, 17, 1, 0.00%, 0, 0, 2, 21.49, 5111, 99
229, 0, 0, 17, 17, 1, 0.00%, 0, 0, 2, 21.46, 5221, 99
234, 0, 0, 17, 17, 1, 0.00%, 0, 0, 2, 21.45, 5331, 99
239, 0, 0, 17, 17, 1, 0.00%, 0, 0, 2, 21.42, 5441, 99
245, 0, 0, 17, 17, 1, 0.00%, 0, 0, 2, 21.32, 5550, 99
250, 0, 0, 17, 17, 1, 0.00%, 0, 0, 2, 21.40, 5660, 99
255, 0, 0, 17, 17, 1, 0.00%, 0, 0, 2, 21.08, 5768, 99
260, 0, 0, 17, 17, 1, 0.00%, 0, 0, 2, 21.17, 5877, 99
265, 0, 0, 18, 18, 1, 0.00%, 0, 0, 2, 20.84, 5980, 100
270, 0, 0, 18, 18, 1, 0.00%, 0, 0, 2, 21.14, 6090, 100
275, 0, 0, 18, 18, 1, 0.00%, 0, 0, 2, 21.24, 6200, 100
281, 0, 0, 18, 18, 1, 0.00%, 0, 0, 2, 21.26, 6310, 100
286, 0, 0, 18, 18, 1, 0.00%, 0, 0, 2, 21.29, 6420, 100
291, 0, 0, 18, 18, 1, 0.00%, 0, 0, 2, 21.26, 6530, 100
296, 0, 0, 18, 18, 1, 0.00%, 0, 0, 2, 21.23, 6638, 100
301, 0, 0, 20, 20, 1, 0.00%, 0, 0, 2, 20.97, 6743, 102
306, 0, 0, 24, 24, 1, 0.00%, 0, 0, 2, 20.33, 6847, 105
312, 0, 0, 25, 25, 1, 0.00%, 0, 0, 2, 20.79, 6955, 105
317, 0, 0, 26, 26, 1, 0.00%, 0, 0, 2, 20.43, 7056, 105
322, 0, 0, 27, 27, 1, 0.00%, 0, 0, 2, 20.71, 7163, 107
327, 0, 0, 27, 27, 1, 0.00%, 0, 0, 2, 20.93, 7272, 107
332, 0, 0, 27, 27, 1, 0.00%, 0, 0, 2, 21.33, 7381, 107
337, 0, 0, 27, 27, 1, 0.00%, 0, 0, 2, 20.83, 7489, 107
343, 0, 0, 27, 27, 1, 0.00%, 0, 0, 2, 20.85, 7597, 107
348, 0, 0, 27, 27, 1, 0.00%, 0, 0, 2, 21.08, 7707, 107
353, 0, 0, 27, 27, 1, 0.00%, 1, 0, 2, 21.12, 7816, 107
358, 0, 0, 27, 27, 1, 0.00%, 1, 0, 2, 21.10, 7925, 107
363, 0, 0, 27, 27, 1, 0.00%, 1, 0, 2, 20.97, 8034, 107
368, 0, 0, 27, 27, 1, 0.00%, 1, 0, 2, 20.83, 8142, 107
374, 0, 0, 27, 27, 1, 0.00%, 1, 0, 2, 20.76, 8249, 107
379, 0, 0, 27, 27, 1, 0.00%, 1, 0, 2, 21.01, 8359, 107
384, 0, 0, 27, 27, 1, 0.00%, 1, 0, 2, 21.05, 8469, 107
389, 0, 13, 27, 26, 19, 0.00%, 1, 0, 2, 20.66, 8570, 107
394, 0, 13, 27, 26, 19, 0.00%, 1, 0, 2, 20.90, 8679, 107
399, 0, 1, 27, 25, 18, 0.00%, 1, 0, 2, 20.85, 8787, 107
405, 0, 1, 27, 25, 18, 0.00%, 1, 0, 2, 21.51, 8895, 107
410, 0, 7, 27, 24, 17, 0.00%, 1, 0, 2, 21.21, 9005, 107
415, 0, 7, 27, 24, 17, 0.00%, 1, 0, 2, 21.08, 9114, 107
420, 0, 12, 28, 24, 17, 0.00%, 1, 0, 3, 20.86, 9217, 109
425, 0, 12, 28, 24, 17, 0.00%, 1, 0, 3, 21.10, 9326, 109
430, 0, 5, 28, 23, 16, 0.00%, 1, 0, 3, 21.01, 9435, 109
436, 0, 5, 28, 23, 16, 0.00%, 1, 0, 3, 20.80, 9543, 109
441, 0, 23, 28, 22, 15, 0.00%, 1, 0, 3, 20.63, 9649, 109
446, 0, 23, 28, 22, 15, 0.00%, 1, 0, 3, 20.88, 9758, 109
451, 0, 3, 28, 21, 14, 0.00%, 1, 0, 3, 20.61, 9863, 109
456, 0, 3, 28, 21, 14, 0.00%, 1, 0, 3, 21.01, 9973, 109
461, 0, 3, 28, 21, 14, 0.00%, 1, 0, 3, 20.66, 10079, 109
467, 0, 27, 28, 20, 13, 0.00%, 1, 0, 3, 20.76, 10188, 109
472, 0, 27, 28, 20, 13, 0.00%, 1, 0, 3, 21.01, 10298, 109
477, 0, 10, 28, 19, 12, 0.00%, 1, 0, 3, 20.36, 10404, 109
482, 0, 10, 28, 19, 12, 0.00%, 1, 0, 3, 20.94, 10514, 109
487, 0, 10, 28, 19, 12, 0.00%, 1, 0, 3, 20.92, 10622, 109
493, 0, 18, 28, 18, 11, 0.00%, 1, 0, 3, 20.78, 10729, 109
498, 0, 18, 28, 18, 11, 0.00%, 1, 0, 3, 20.80, 10838, 109
503, 0, 15, 29, 18, 10, 0.00%, 1, 0, 3, 20.27, 10938, 110
508, 0, 15, 29, 18, 10, 0.00%, 1, 0, 3, 20.64, 11046, 110
513, 0, 11, 29, 17, 11, 0.00%, 1, 0, 3, 20.26, 11151, 110
518, 0, 11, 29, 17, 11, 0.00%, 1, 0, 3, 20.86, 11261, 110
524, 0, 17, 29, 16, 10, 0.00%, 1, 0, 3, 20.66, 11368, 110
529, 0, 17, 29, 16, 10, 0.00%, 1, 0, 3, 20.88, 11473, 110
534, 0, 17, 29, 16, 10, 0.00%, 1, 0, 3, 21.01, 11583, 110
539, 0, 9, 29, 15, 9, 0.00%, 1, 0, 3, 21.04, 11692, 110
544, 0, 9, 29, 15, 9, 0.00%, 1, 0, 3, 20.87, 11796, 110
549, 0, 14, 29, 14, 8, 0.00%, 1, 0, 3, 21.07, 11905, 110
554, 0, 14, 29, 14, 8, 0.00%, 1, 0, 3, 20.65, 12013, 110
560, 0, 28, 29, 13, 7, 0.00%, 1, 0, 3, 20.71, 12122, 110
565, 0, 28, 31, 15, 7, 0.00%, 1, 0, 4, 20.39, 12223, 110
570, 0, 28, 31, 15, 7, 0.00%, 1, 0, 4, 20.67, 12332, 110
575, 0, 28, 31, 15, 7, 0.00%, 1, 0, 4, 20.96, 12442, 110
580, 0, 26, 31, 14, 5, 0.00%, 1, 0, 4, 20.43, 12545, 110
585, 0, 26, 31, 14, 5, 0.00%, 1, 0, 4, 20.74, 12653, 110
591, 0, 26, 31, 14, 5, 0.00%, 1, 0, 4, 20.99, 12763, 110
596, 0, 4, 31, 13, 4, 0.00%, 1, 0, 4, 20.13, 12867, 110
598, 0, 4, 31, 13, 4, 0.00%, 1, 0, 4, 20.34, 12910, 110
