# unix_time, cycles_done, cur_path, paths_total, pending_total, pending_favs, map_size, unique_crashes, unique_hangs, max_depth, execs_per_sec
1676034594, 0, 0, 1, 1, 1, 0.13%, 0, 0, 1, 84.21
1676034599, 0, 0, 4, 4, 1, 0.14%, 0, 0, 2, 96.94
1676034610, 0, 0, 6, 6, 1, 0.28%, 0, 0, 2, 109.12
1676034615, 0, 0, 8, 8, 1, 0.29%, 0, 0, 2, 105.13
1676034620, 0, 0, 9, 9, 1, 0.29%, 0, 0, 2, 107.22
1676034625, 0, 0, 10, 10, 1, 0.29%, 0, 0, 2, 118.90
1676034630, 0, 0, 11, 11, 1, 0.29%, 0, 0, 2, 106.33
1676034640, 0, 0, 12, 12, 1, 0.30%, 0, 0, 2, 110.70
1676034645, 0, 0, 13, 13, 1, 0.31%, 0, 0, 2, 107.02
1676034655, 0, 0, 14, 14, 1, 0.31%, 0, 0, 2, 108.20
1676034671, 0, 0, 15, 15, 1, 0.31%, 0, 0, 2, 108.29
1676034681, 0, 0, 16, 16, 1, 0.31%, 0, 0, 2, 105.43
1676034691, 0, 0, 17, 17, 1, 0.32%, 0, 0, 2, 107.89
1676034697, 0, 0, 18, 18, 1, 0.34%, 0, 0, 2, 106.49
1676034707, 0, 0, 19, 19, 1, 0.34%, 0, 0, 2, 108.44
1676034732, 0, 0, 20, 20, 1, 0.34%, 0, 0, 2, 108.78
1676034774, 0, 0, 21, 21, 1, 0.34%, 0, 0, 2, 110.00
1676034886, 0, 0, 22, 22, 1, 0.34%, 0, 0, 2, 111.15
1676034896, 0, 0, 23, 23, 1, 0.35%, 0, 0, 2, 112.25
1676034907, 0, 11, 24, 23, 10, 0.35%, 0, 0, 3, 108.27
1676034912, 0, 11, 26, 25, 10, 0.35%, 0, 0, 3, 106.19
1676034917, 0, 11, 29, 28, 10, 0.35%, 0, 0, 3, 104.82
1676034922, 0, 11, 30, 29, 10, 0.35%, 0, 0, 3, 104.27
1676034932, 0, 11, 32, 31, 10, 0.35%, 1, 0, 3, 103.29
1676034942, 0, 11, 33, 32, 10, 0.35%, 1, 0, 3, 103.84
1676034947, 0, 11, 35, 34, 10, 0.35%, 1, 0, 3, 103.81
1676034962, 0, 11, 38, 37, 10, 0.35%, 1, 0, 3, 103.94
1676034967, 0, 11, 40, 39, 10, 0.35%, 1, 0, 3, 103.47
1676034973, 0, 11, 41, 40, 10, 0.35%, 1, 0, 3, 103.34
1676034988, 0, 11, 43, 42, 10, 0.35%, 1, 0, 3, 103.56
1676034993, 0, 11, 45, 44, 10, 0.35%, 1, 0, 3, 103.02
1676035029, 0, 11, 47, 46, 10, 0.35%, 1, 0, 3, 103.85
1676035070, 0, 11, 48, 47, 10, 0.35%, 1, 0, 3, 101.86
1676035080, 0, 11, 49, 48, 10, 0.35%, 1, 0, 3, 100.85
