# unix_time, cycles_done, cur_path, paths_total, pending_total, pending_favs, map_size, unique_crashes, unique_hangs, max_depth, execs_per_sec
1676027298, 0, 0, 1, 1, 1, 0.09%, 0, 0, 1, 82.47
1676027303, 0, 0, 3, 3, 1, 0.09%, 0, 0, 2, 112.74
1676027308, 0, 0, 4, 4, 1, 0.10%, 0, 0, 2, 118.88
1676027313, 0, 0, 7, 7, 1, 0.11%, 0, 0, 2, 120.23
1676027318, 0, 0, 8, 8, 1, 0.11%, 0, 0, 2, 120.42
1676027323, 0, 0, 9, 9, 1, 0.12%, 0, 0, 2, 121.93
1676027333, 0, 0, 12, 12, 1, 0.14%, 0, 0, 2, 121.97
1676027344, 0, 0, 13, 13, 1, 0.14%, 0, 0, 2, 121.34
1676027349, 0, 0, 14, 14, 1, 0.14%, 0, 0, 2, 121.37
1676027369, 0, 0, 15, 15, 1, 0.14%, 0, 0, 2, 121.45
1676027426, 0, 0, 16, 16, 1, 0.14%, 0, 0, 2, 121.52
1676027456, 0, 0, 17, 17, 1, 0.14%, 0, 0, 2, 121.53
1676027461, 0, 0, 18, 18, 1, 0.14%, 0, 0, 2, 121.34
1676028466, 0, 0, 19, 19, 1, 0.14%, 0, 0, 2, 125.96
1676029446, 0, 9, 19, 18, 9, 0.14%, 0, 0, 2, 123.35
1676029456, 0, 9, 23, 22, 9, 0.14%, 0, 0, 3, 123.60
1676029461, 0, 9, 25, 24, 9, 0.14%, 1, 0, 3, 122.95
1676029471, 0, 9, 26, 25, 9, 0.15%, 1, 0, 3, 122.87
1676029476, 0, 9, 27, 26, 9, 0.15%, 1, 0, 3, 122.64
1676029486, 0, 9, 28, 27, 9, 0.15%, 1, 0, 3, 122.61
1676029496, 0, 9, 29, 28, 9, 0.16%, 1, 0, 3, 122.23
1676029501, 0, 9, 30, 29, 9, 0.16%, 1, 0, 3, 122.61
1676029507, 0, 9, 31, 30, 9, 0.16%, 1, 0, 3, 122.46
1676029593, 0, 9, 32, 31, 9, 0.16%, 1, 0, 3, 118.31
1676029603, 0, 9, 33, 32, 9, 0.16%, 1, 0, 3, 119.50
1676029680, 0, 9, 34, 33, 9, 0.16%, 1, 0, 3, 116.46
1676029732, 0, 28, 34, 32, 8, 0.16%, 1, 0, 3, 115.37
1676029757, 0, 28, 36, 34, 8, 0.16%, 1, 0, 4, 115.02
