# relative_time, cycles_done, cur_item, corpus_count, pending_total, pending_favs, map_size, saved_crashes, saved_hangs, max_depth, execs_per_sec, total_execs, edges_found
62, 0, 0, 42, 42, 1, 0.00%, 0, 0, 2, 19.71, 1206, 166
67, 0, 0, 44, 44, 1, 0.00%, 0, 0, 2, 19.04, 1303, 166
72, 0, 0, 47, 47, 1, 0.00%, 0, 0, 2, 19.50, 1405, 170
77, 0, 0, 48, 48, 1, 0.00%, 0, 0, 2, 20.02, 1507, 170
82, 0, 0, 50, 50, 1, 0.00%, 0, 0, 2, 19.87, 1606, 170
87, 0, 0, 50, 50, 1, 0.00%, 0, 0, 2, 20.37, 1711, 170
93, 0, 0, 52, 52, 1, 0.00%, 0, 0, 2, 19.90, 1814, 170
98, 0, 0, 53, 53, 1, 0.00%, 0, 0, 2, 20.02, 1924, 170
103, 0, 0, 53, 53, 1, 0.00%, 0, 0, 2, 20.01, 2029, 170
108, 0, 0, 53, 53, 1, 0.00%, 0, 0, 2, 20.29, 2131, 170
113, 0, 0, 53, 53, 1, 0.00%, 0, 0, 2, 20.43, 2234, 170
118, 0, 0, 54, 54, 1, 0.00%, 0, 0, 2, 20.36, 2335, 170
124, 0, 0, 54, 54, 1, 0.00%, 0, 0, 2, 20.40, 2438, 170
129, 0, 0, 54, 54, 1, 0.00%, 0, 0, 2, 20.40, 2540, 170
134, 0, 0, 54, 54, 1, 0.00%, 0, 0, 2, 20.48, 2644, 170
139, 0, 27, 54, 53, 17, 0.00%, 0, 0, 2, 19.94, 2744, 170
144, 0, 27, 56, 55, 17, 0.00%, 0, 0, 3, 20.14, 2845, 170
149, 0, 26, 56, 54, 16, 0.00%, 0, 0, 3, 19.90, 2946, 170
154, 0, 26, 57, 55, 16, 0.00%, 1, 0, 3, 20.19, 3051, 170
159, 0, 51, 57, 54, 15, 0.00%, 1, 0, 3, 20.03, 3152, 170
164, 0, 51, 57, 54, 15, 0.00%, 1, 0, 3, 20.37, 3255, 170
169, 0, 51, 58, 55, 15, 0.00%, 1, 0, 3, 20.48, 3357, 170
175, 0, 23, 59, 55, 14, 0.00%, 1, 0, 3, 20.14, 3466, 170
180, 0, 23, 59, 55, 14, 0.00%, 1, 0, 3, 19.85, 3570, 170
185, 0, 7, 59, 54, 13, 0.00%, 1, 0, 3, 20.01, 3671, 170
190, 0, 7, 59, 54, 13, 0.00%, 1, 0, 3, 20.41, 3774, 170
195, 0, 11, 59, 53, 12, 0.00%, 1, 0, 3, 20.15, 3878, 170
200, 0, 11, 59, 53, 12, 0.00%, 1, 0, 3, 20.47, 3985, 170
206, 0, 37, 59, 52, 11, 0.00%, 1, 0, 3, 20.26, 4089, 170
211, 0, 37, 59, 52, 11, 0.00%, 1, 0, 3, 20.54, 4194, 170
216, 0, 2, 59, 51, 10, 0.00%, 1, 0, 3, 19.90, 4294, 170
221, 0, 2, 59, 51, 10, 0.00%, 1, 0, 3, 20.32, 4399, 170
226, 0, 19, 59, 50, 9, 0.00%, 1, 0, 3, 20.12, 4504, 170
231, 0, 19, 59, 50, 9, 0.00%, 1, 0, 3, 20.51, 4608, 170
236, 0, 22, 59, 49, 8, 0.00%, 1, 0, 3, 20.18, 4712, 170
241, 0, 22, 59, 49, 8, 0.00%, 1, 0, 3, 20.59, 4817, 170
246, 0, 22, 60, 50, 8, 0.00%, 1, 0, 3, 20.19, 4921, 172
252, 0, 17, 60, 49, 8, 0.00%, 1, 0, 3, 19.93, 5019, 172
257, 0, 17, 60, 49, 8, 0.00%, 1, 0, 3, 20.34, 5122, 172
262, 0, 45, 60, 48, 7, 0.00%, 1, 0, 3, 20.25, 5223, 172
267, 0, 45, 60, 48, 7, 0.00%, 1, 0, 3, 20.50, 5326, 172
272, 0, 26, 60, 47, 6, 0.00%, 1, 0, 3, 20.42, 5430, 172
277, 0, 26, 60, 47, 6, 0.00%, 1, 0, 3, 20.55, 5533, 172
282, 0, 26, 61, 48, 6, 0.00%, 1, 0, 3, 20.12, 5632, 173
287, 0, 34, 61, 48, 7, 0.00%, 1, 0, 3, 20.09, 5733, 173
292, 0, 34, 62, 49, 7, 0.00%, 1, 0, 3, 20.44, 5839, 174
297, 0, 59, 62, 48, 7, 0.00%, 1, 0, 3, 20.39, 5943, 174
302, 0, 59, 62, 48, 7, 0.00%, 1, 0, 3, 20.41, 6047, 174
307, 0, 59, 62, 48, 7, 0.00%, 1, 0, 3, 20.60, 6151, 174
312, 0, 60, 62, 47, 6, 0.00%, 1, 0, 3, 20.08, 6252, 174
318, 0, 60, 62, 47, 6, 0.00%, 1, 0, 3, 20.30, 6357, 174
323, 0, 5, 62, 46, 5, 0.00%, 1, 0, 3, 19.99, 6462, 174
328, 0, 5, 62, 46, 5, 0.00%, 1, 0, 3, 20.22, 6565, 174
333, 0, 30, 62, 45, 4, 0.00%, 1, 0, 3, 20.30, 6670, 174
338, 0, 30, 63, 46, 4, 0.00%, 1, 0, 3, 20.25, 6773, 174
343, 0, 25, 63, 45, 3, 0.00%, 1, 0, 3, 19.66, 6876, 174
348, 0, 25, 63, 45, 3, 0.00%, 1, 0, 3, 20.15, 6980, 174
354, 0, 25, 63, 45, 3, 0.00%, 1, 0, 3, 20.53, 7085, 174
359, 0, 46, 63, 44, 2, 0.00%, 1, 0, 3, 20.18, 7187, 174
364, 0, 46, 63, 44, 2, 0.00%, 1, 0, 3, 20.29, 7293, 174
369, 0, 61, 63, 42, 1, 0.00%, 1, 0, 3, 20.10, 7395, 174
374, 0, 61, 63, 42, 1, 0.00%, 1, 0, 3, 20.20, 7499, 174
379, 0, 61, 64, 43, 1, 0.00%, 1, 0, 4, 20.09, 7603, 176
385, 0, 61, 67, 46, 1, 0.00%, 1, 0, 4, 19.97, 7704, 177
390, 0, 61, 67, 46, 1, 0.00%, 1, 0, 4, 20.33, 7808, 177
395, 0, 65, 70, 48, 3, 0.00%, 1, 0, 5, 19.66, 7905, 177
400, 0, 65, 73, 51, 3, 0.00%, 1, 0, 5, 19.84, 8002, 178
405, 0, 65, 74, 52, 3, 0.00%, 1, 0, 5, 20.41, 8107, 178
410, 0, 65, 74, 52, 3, 0.00%, 1, 0, 5, 20.27, 8210, 178
415, 0, 65, 74, 52, 3, 0.00%, 1, 0, 5, 20.37, 8314, 178
420, 0, 65, 77, 55, 3, 0.00%, 1, 0, 5, 20.23, 8416, 178
425, 0, 65, 77, 55, 3, 0.00%, 1, 0, 5, 20.37, 8519, 178
430, 0, 65, 77, 55, 3, 0.00%, 1, 0, 5, 20.39, 8623, 178
436, 0, 65, 78, 56, 3, 0.00%, 1, 0, 5, 19.94, 8728, 178
441, 0, 65, 80, 58, 3, 0.00%, 1, 0, 5, 19.98, 8827, 178
446, 0, 65, 82, 60, 3, 0.00%, 1, 0, 5, 19.96, 8926, 178
451, 0, 65, 83, 61, 3, 0.00%, 1, 0, 5, 20.23, 9029, 178
456, 0, 65, 83, 61, 3, 0.00%, 1, 0, 5, 20.32, 9135, 178
461, 0, 65, 83, 61, 3, 0.00%, 1, 0, 5, 20.07, 9238, 178
466, 0, 65, 83, 61, 3, 0.00%, 1, 0, 5, 19.98, 9337, 178
471, 0, 65, 84, 62, 3, 0.00%, 1, 0, 5, 20.18, 9439, 178
477, 0, 65, 84, 62, 3, 0.00%, 1, 0, 5, 20.23, 9543, 178
482, 0, 65, 84, 62, 3, 0.00%, 1, 0, 5, 20.20, 9649, 178
487, 0, 65, 84, 62, 3, 0.00%, 1, 0, 5, 20.34, 9751, 178
492, 0, 65, 85, 63, 3, 0.00%, 1, 0, 5, 20.22, 9853, 178
497, 0, 65, 85, 63, 3, 0.00%, 1, 0, 5, 20.10, 9954, 178
502, 0, 65, 85, 63, 3, 0.00%, 1, 0, 5, 20.19, 10057, 178
507, 0, 65, 85, 63, 3, 0.00%, 1, 0, 5, 20.27, 10162, 178
512, 0, 65, 85, 63, 3, 0.00%, 1, 0, 5, 20.28, 10264, 178
517, 0, 65, 85, 63, 3, 0.00%, 1, 0, 5, 20.21, 10368, 178
522, 0, 65, 85, 63, 3, 0.00%, 1, 0, 5, 20.15, 10470, 178
527, 0, 65, 85, 63, 3, 0.00%, 1, 0, 5, 20.07, 10571, 178
533, 0, 65, 85, 63, 3, 0.00%, 1, 0, 5, 20.18, 10676, 178
538, 0, 65, 85, 63, 3, 0.00%, 1, 0, 5, 20.31, 10779, 178
543, 0, 65, 85, 63, 3, 0.00%, 1, 0, 5, 20.18, 10883, 178
548, 0, 65, 85, 63, 3, 0.00%, 1, 0, 5, 20.26, 10985, 178
553, 0, 65, 86, 64, 3, 0.00%, 1, 0, 5, 19.86, 11085, 178
558, 0, 65, 86, 64, 3, 0.00%, 1, 0, 5, 19.79, 11185, 178
563, 0, 65, 86, 64, 3, 0.00%, 1, 0, 5, 20.17, 11289, 178
568, 0, 65, 87, 65, 3, 0.00%, 1, 0, 5, 20.22, 11392, 179
574, 0, 70, 87, 64, 5, 0.00%, 1, 0, 5, 19.80, 11494, 179
579, 0, 70, 87, 64, 5, 0.00%, 1, 0, 5, 20.15, 11596, 179
584, 0, 70, 88, 65, 5, 0.00%, 1, 0, 6, 20.11, 11699, 180
589, 0, 63, 88, 64, 6, 0.00%, 1, 0, 6, 20.13, 11799, 180
594, 0, 63, 88, 64, 6, 0.00%, 1, 0, 6, 20.38, 11903, 180
598, 0, 63, 88, 64, 6, 0.00%, 1, 0, 6, 20.45, 11986, 180
