# relative_time, cycles_done, cur_item, corpus_count, pending_total, pending_favs, map_size, saved_crashes, saved_hangs, max_depth, execs_per_sec, total_execs, edges_found
61, 0, 0, 12, 12, 1, 0.00%, 0, 0, 2, 19.99, 1229, 111
66, 0, 0, 12, 12, 1, 0.00%, 0, 0, 2, 20.01, 1332, 111
71, 0, 0, 12, 12, 1, 0.00%, 0, 0, 2, 20.16, 1434, 111
77, 0, 0, 14, 14, 1, 0.00%, 0, 0, 2, 19.61, 1543, 114
82, 0, 0, 15, 15, 1, 0.00%, 0, 0, 2, 19.86, 1642, 115
87, 0, 0, 15, 15, 1, 0.00%, 0, 0, 2, 20.11, 1747, 115
92, 0, 0, 15, 15, 1, 0.00%, 0, 0, 2, 20.20, 1851, 115
98, 0, 0, 15, 15, 1, 0.00%, 0, 0, 2, 20.26, 1956, 115
103, 0, 0, 15, 15, 1, 0.00%, 0, 0, 2, 20.03, 2057, 115
108, 0, 0, 16, 16, 1, 0.00%, 0, 0, 2, 20.09, 2159, 116
113, 0, 0, 16, 16, 1, 0.00%, 0, 0, 2, 20.06, 2261, 116
118, 0, 0, 16, 16, 1, 0.00%, 0, 0, 2, 20.02, 2363, 116
123, 0, 0, 17, 17, 1, 0.00%, 0, 0, 2, 19.96, 2464, 117
128, 0, 0, 17, 17, 1, 0.00%, 0, 0, 2, 19.94, 2565, 117
133, 0, 0, 17, 17, 1, 0.00%, 0, 0, 2, 19.91, 2665, 117
138, 0, 0, 17, 17, 1, 0.00%, 0, 0, 2, 19.85, 2767, 117
143, 0, 0, 17, 17, 1, 0.00%, 0, 0, 2, 19.98, 2868, 117
148, 0, 0, 17, 17, 1, 0.00%, 0, 0, 2, 19.93, 2972, 117
154, 0, 0, 17, 17, 1, 0.00%, 0, 0, 2, 19.97, 3074, 117
159, 0, 0, 18, 18, 1, 0.00%, 0, 0, 2, 20.04, 3177, 118
164, 0, 0, 18, 18, 1, 0.00%, 0, 0, 2, 19.82, 3277, 118
169, 0, 0, 20, 20, 1, 0.00%, 0, 0, 2, 19.50, 3383, 120
174, 0, 0, 24, 24, 1, 0.00%, 0, 0, 2, 19.28, 3478, 125
180, 0, 0, 25, 25, 1, 0.00%, 0, 0, 2, 19.37, 3578, 126
185, 0, 0, 25, 25, 1, 0.00%, 0, 0, 2, 19.58, 3680, 126
190, 0, 0, 26, 26, 1, 0.00%, 0, 0, 2, 19.63, 3778, 126
195, 0, 0, 26, 26, 1, 0.00%, 0, 0, 2, 19.56, 3879, 126
200, 0, 0, 28, 28, 1, 0.00%, 0, 0, 2, 19.29, 3977, 128
205, 0, 0, 28, 28, 1, 0.00%, 0, 0, 2, 19.69, 4077, 128
210, 0, 0, 29, 29, 1, 0.00%, 0, 0, 2, 19.75, 4178, 128
216, 0, 0, 30, 30, 1, 0.00%, 0, 0, 2, 19.44, 4277, 128
221, 0, 0, 30, 30, 1, 0.00%, 0, 0, 2, 19.71, 4377, 128
226, 0, 0, 30, 30, 1, 0.00%, 0, 0, 2, 19.37, 4478, 128
231, 0, 0, 30, 30, 1, 0.00%, 0, 0, 2, 19.63, 4578, 128
236, 0, 0, 30, 30, 1, 0.00%, 0, 0, 2, 19.66, 4679, 128
241, 0, 0, 30, 30, 1, 0.00%, 0, 0, 2, 18.97, 4775, 128
246, 0, 0, 31, 31, 1, 0.00%, 0, 0, 2, 19.13, 4873, 128
251, 0, 0, 32, 32, 1, 0.00%, 0, 0, 2, 19.54, 4970, 130
256, 0, 0, 33, 33, 1, 0.00%, 0, 0, 2, 19.29, 5065, 132
261, 0, 0, 33, 33, 1, 0.00%, 0, 0, 2, 19.59, 5165, 132
266, 0, 5, 33, 32, 20, 0.00%, 0, 0, 2, 19.50, 5263, 132
272, 0, 5, 33, 32, 20, 0.00%, 0, 0, 2, 19.73, 5364, 132
277, 0, 14, 34, 32, 19, 0.00%, 0, 0, 3, 19.42, 5461, 134
282, 0, 14, 34, 32, 19, 0.00%, 2, 0, 3, 19.52, 5562, 134
287, 0, 6, 34, 31, 18, 0.00%, 2, 0, 3, 19.32, 5661, 134
292, 0, 6, 34, 31, 18, 0.00%, 2, 0, 3, 19.55, 5762, 134
297, 0, 2, 34, 30, 17, 0.00%, 2, 0, 3, 19.53, 5862, 134
302, 0, 2, 35, 31, 17, 0.00%, 2, 0, 3, 19.31, 5959, 134
308, 0, 33, 35, 30, 16, 0.00%, 2, 0, 3, 19.27, 6057, 134
313, 0, 33, 35, 30, 16, 0.00%, 2, 0, 3, 19.37, 6154, 134
318, 0, 33, 35, 30, 16, 0.00%, 2, 0, 3, 19.38, 6255, 134
323, 0, 16, 35, 29, 16, 0.00%, 2, 0, 3, 19.42, 6352, 134
328, 0, 16, 35, 29, 16, 0.00%, 2, 0, 3, 19.60, 6453, 134
333, 0, 34, 35, 28, 15, 0.00%, 2, 0, 3, 19.97, 6559, 134
338, 0, 34, 35, 28, 15, 0.00%, 2, 0, 3, 19.64, 6660, 134
344, 0, 34, 35, 28, 15, 0.00%, 2, 0, 3, 19.91, 6763, 134
349, 0, 12, 35, 27, 15, 0.00%, 2, 0, 3, 19.90, 6864, 134
354, 0, 12, 35, 27, 15, 0.00%, 2, 0, 3, 19.75, 6965, 134
359, 0, 9, 35, 26, 14, 0.00%, 2, 0, 3, 20.01, 7068, 134
364, 0, 9, 35, 26, 14, 0.00%, 2, 0, 3, 19.85, 7170, 134
369, 0, 27, 35, 25, 13, 0.00%, 2, 0, 3, 19.70, 7272, 134
374, 0, 27, 35, 25, 13, 0.00%, 2, 0, 3, 19.80, 7373, 134
379, 0, 15, 35, 24, 12, 0.00%, 2, 0, 3, 19.25, 7472, 134
384, 0, 15, 35, 24, 12, 0.00%, 2, 0, 3, 19.62, 7570, 134
390, 0, 15, 35, 24, 12, 0.00%, 2, 0, 3, 19.79, 7672, 134
395, 0, 28, 35, 23, 11, 0.00%, 2, 0, 3, 19.55, 7770, 134
400, 0, 28, 35, 23, 11, 0.00%, 2, 0, 3, 19.83, 7871, 134
405, 0, 31, 35, 22, 10, 0.00%, 2, 0, 3, 20.17, 7971, 134
410, 0, 31, 35, 22, 10, 0.00%, 2, 0, 3, 19.78, 8073, 134
415, 0, 10, 35, 21, 8, 0.00%, 2, 0, 3, 19.18, 8170, 134
420, 0, 10, 35, 21, 8, 0.00%, 2, 0, 3, 19.71, 8270, 134
425, 0, 19, 35, 20, 7, 0.00%, 2, 0, 3, 19.38, 8370, 134
430, 0, 19, 35, 20, 7, 0.00%, 2, 0, 3, 19.63, 8470, 134
436, 0, 4, 35, 19, 6, 0.00%, 2, 0, 3, 19.17, 8570, 134
441, 0, 4, 35, 19, 6, 0.00%, 2, 0, 3, 19.56, 8671, 134
446, 0, 4, 35, 19, 6, 0.00%, 2, 0, 3, 19.52, 8768, 134
451, 0, 32, 35, 18, 5, 0.00%, 2, 0, 3, 19.28, 8867, 134
456, 0, 32, 35, 18, 5, 0.00%, 2, 0, 3, 19.63, 8967, 134
461, 0, 17, 35, 17, 4, 0.00%, 2, 0, 3, 19.28, 9067, 134
466, 0, 17, 35, 17, 4, 0.00%, 2, 0, 3, 19.47, 9167, 134
471, 0, 29, 35, 16, 3, 0.00%, 2, 0, 3, 19.28, 9267, 134
477, 0, 29, 35, 16, 3, 0.00%, 2, 0, 3, 19.57, 9367, 134
482, 0, 24, 35, 15, 2, 0.00%, 2, 0, 3, 19.51, 9467, 134
487, 0, 24, 35, 15, 2, 0.00%, 2, 0, 3, 19.49, 9568, 134
492, 0, 24, 36, 16, 2, 0.00%, 2, 0, 3, 19.40, 9666, 134
497, 0, 11, 36, 15, 1, 0.00%, 2, 0, 3, 19.08, 9763, 134
502, 0, 11, 36, 15, 1, 0.00%, 2, 0, 3, 19.26, 9863, 134
507, 0, 28, 36, 14, 0, 0.00%, 2, 0, 3, 19.13, 9958, 134
513, 0, 28, 36, 14, 0, 0.00%, 2, 0, 3, 19.27, 10058, 134
518, 0, 28, 36, 14, 0, 0.00%, 2, 0, 3, 19.48, 10158, 134
523, 0, 5, 36, 14, 0, 0.00%, 2, 0, 3, 19.38, 10258, 134
528, 0, 5, 36, 14, 0, 0.00%, 2, 0, 3, 19.43, 10358, 134
533, 0, 4, 36, 14, 0, 0.00%, 2, 0, 3, 19.50, 10459, 134
538, 0, 4, 36, 14, 0, 0.00%, 2, 0, 3, 19.19, 10558, 134
543, 0, 19, 36, 14, 0, 0.00%, 2, 0, 3, 19.23, 10657, 134
549, 0, 19, 36, 14, 0, 0.00%, 2, 0, 3, 19.49, 10757, 134
554, 0, 19, 36, 14, 0, 0.00%, 2, 0, 3, 19.44, 10857, 134
559, 0, 17, 37, 15, 0, 0.00%, 2, 0, 3, 18.71, 10954, 135
564, 0, 17, 37, 15, 0, 0.00%, 2, 0, 3, 18.69, 11046, 135
569, 0, 17, 38, 16, 0, 0.00%, 2, 0, 3, 18.74, 11141, 136
574, 0, 2, 38, 16, 2, 0.00%, 2, 0, 3, 19.01, 11236, 136
579, 0, 16, 38, 16, 2, 0.00%, 2, 0, 3, 19.36, 11336, 136
585, 0, 16, 39, 17, 2, 0.00%, 2, 0, 3, 19.06, 11436, 136
590, 0, 16, 39, 17, 2, 0.00%, 2, 0, 3, 19.30, 11536, 136
595, 0, 16, 39, 17, 2, 0.00%, 2, 0, 3, 19.28, 11632, 136
598, 0, 16, 39, 17, 2, 0.00%, 2, 0, 3, 0.00, 11688, 136
