# unix_time, cycles_done, cur_path, paths_total, pending_total, pending_favs, map_size, unique_crashes, unique_hangs, max_depth, execs_per_sec
1676213012, 0, 0, 1, 1, 1, 0.11%, 0, 0, 1, 75.47
1676213017, 0, 0, 31, 31, 1, 0.17%, 0, 0, 2, 132.57
1676213022, 0, 0, 35, 35, 1, 0.17%, 0, 0, 2, 144.09
1676213028, 0, 0, 42, 42, 1, 0.18%, 0, 0, 2, 146.72
1676213033, 0, 0, 44, 44, 1, 0.18%, 0, 0, 2, 147.19
1676213038, 0, 0, 47, 47, 1, 0.19%, 0, 0, 2, 147.14
1676213043, 0, 0, 48, 48, 1, 0.19%, 0, 0, 2, 147.17
1676213079, 0, 0, 62, 62, 1, 0.20%, 0, 0, 2, 146.22
1676213084, 0, 0, 67, 67, 1, 0.20%, 0, 0, 2, 146.23
1676213089, 0, 0, 72, 72, 1, 0.20%, 0, 0, 2, 146.33
1676213094, 0, 0, 73, 73, 1, 0.20%, 0, 0, 2, 146.45
1676213099, 0, 0, 74, 74, 1, 0.20%, 0, 0, 2, 145.92
1676213105, 0, 0, 76, 76, 1, 0.20%, 0, 0, 2, 146.33
1676213130, 0, 0, 77, 77, 1, 0.20%, 0, 0, 2, 146.59
1676213145, 0, 0, 78, 78, 1, 0.20%, 0, 0, 2, 146.53
1676213151, 0, 0, 79, 79, 1, 0.20%, 0, 0, 2, 146.66
1676213156, 0, 0, 80, 80, 1, 0.20%, 0, 0, 2, 145.90
1676213186, 0, 0, 81, 81, 1, 0.20%, 0, 0, 2, 146.55
1676213217, 0, 0, 82, 82, 1, 0.20%, 0, 0, 2, 145.52
1676213227, 0, 0, 83, 83, 1, 0.20%, 0, 0, 2, 146.22
1676213233, 0, 0, 84, 84, 1, 0.20%, 0, 0, 2, 146.14
1676213258, 0, 0, 85, 85, 1, 0.20%, 0, 0, 2, 146.43
1676213263, 0, 0, 86, 86, 1, 0.20%, 0, 0, 2, 146.34
1676213274, 0, 0, 87, 87, 1, 0.20%, 0, 0, 2, 146.38
1676213284, 0, 0, 88, 88, 1, 0.20%, 0, 0, 2, 146.05
1676213304, 0, 34, 88, 87, 14, 0.20%, 0, 0, 2, 145.45
1676213320, 0, 34, 90, 89, 14, 0.20%, 0, 0, 3, 146.27
1676213335, 0, 34, 91, 90, 14, 0.20%, 0, 0, 3, 144.07
1676213341, 0, 34, 92, 91, 14, 0.20%, 0, 0, 3, 143.86
1676213346, 0, 34, 96, 95, 14, 0.20%, 0, 0, 3, 143.76
1676213356, 0, 34, 96, 95, 14, 0.20%, 1, 0, 3, 143.51
1676213361, 0, 34, 98, 97, 14, 0.20%, 1, 0, 3, 143.40
1676213371, 0, 34, 99, 98, 14, 0.20%, 1, 0, 3, 142.70
1676213391, 0, 34, 100, 99, 14, 0.20%, 1, 0, 3, 143.70
1676213401, 0, 34, 101, 100, 14, 0.20%, 1, 0, 3, 143.44
1676213411, 0, 34, 103, 102, 14, 0.20%, 1, 0, 3, 143.58
1676213437, 0, 34, 104, 103, 14, 0.20%, 1, 0, 3, 143.70
1676213447, 0, 34, 105, 104, 14, 0.20%, 1, 0, 3, 143.69
