# unix_time, cycles_done, cur_path, paths_total, pending_total, pending_favs, map_size, unique_crashes, unique_hangs, max_depth, execs_per_sec
1676168481, 0, 0, 1, 1, 1, 0.14%, 0, 0, 1, 64.52
1676168486, 0, 0, 4, 4, 1, 0.15%, 0, 0, 2, 56.79
1676168507, 0, 0, 6, 6, 1, 0.19%, 0, 0, 2, 74.89
1676168512, 0, 0, 8, 8, 1, 0.33%, 0, 0, 2, 76.43
1676168517, 0, 0, 9, 9, 1, 0.33%, 0, 0, 2, 72.56
1676168522, 0, 0, 10, 10, 1, 0.34%, 0, 0, 2, 71.58
1676168527, 0, 0, 12, 12, 1, 0.34%, 0, 0, 2, 72.75
1676168538, 0, 0, 13, 13, 1, 0.34%, 0, 0, 2, 65.54
1676168569, 0, 0, 14, 14, 1, 0.34%, 0, 0, 2, 72.19
1676168574, 0, 0, 15, 15, 1, 0.34%, 0, 0, 2, 73.43
1676168584, 0, 0, 16, 16, 1, 0.34%, 0, 0, 2, 68.78
1676168672, 0, 0, 17, 17, 1, 0.35%, 0, 0, 2, 68.95
1676168682, 0, 0, 18, 18, 1, 0.35%, 0, 0, 2, 69.29
1676168739, 0, 15, 20, 19, 12, 0.35%, 0, 0, 3, 69.80
1676168744, 0, 15, 22, 21, 12, 0.35%, 0, 0, 3, 69.35
1676168749, 0, 15, 23, 22, 12, 0.35%, 0, 0, 3, 62.49
1676168764, 0, 15, 23, 22, 12, 0.35%, 1, 0, 3, 63.09
1676168769, 0, 15, 27, 26, 12, 0.36%, 1, 0, 3, 65.18
1676168780, 0, 15, 28, 27, 12, 0.36%, 1, 0, 3, 67.14
1676168785, 0, 15, 29, 28, 12, 0.36%, 1, 0, 3, 70.66
1676168790, 0, 15, 30, 29, 12, 0.36%, 1, 0, 3, 68.96
1676168795, 0, 15, 31, 30, 12, 0.36%, 1, 0, 3, 70.61
1676168800, 0, 15, 32, 31, 12, 0.36%, 1, 0, 3, 68.33
1676168811, 0, 15, 34, 33, 12, 0.37%, 1, 0, 3, 66.39
1676168816, 0, 15, 35, 34, 12, 0.38%, 1, 0, 3, 50.13
1676168821, 0, 15, 36, 35, 12, 0.39%, 1, 0, 3, 38.20
1676168826, 0, 15, 37, 36, 12, 0.39%, 1, 0, 3, 38.56
1676168836, 0, 15, 38, 37, 12, 0.39%, 1, 0, 3, 66.69
1676168852, 0, 15, 39, 38, 12, 0.39%, 1, 0, 3, 61.00
1676168872, 0, 15, 40, 39, 12, 0.39%, 1, 0, 3, 58.77
1676168913, 0, 15, 42, 41, 12, 0.39%, 1, 0, 3, 65.82
1676168918, 0, 15, 44, 43, 12, 0.39%, 1, 0, 3, 66.38
1676168923, 0, 15, 45, 44, 12, 0.39%, 1, 0, 3, 63.81
1676168954, 0, 15, 47, 46, 12, 0.39%, 1, 0, 3, 65.97
1676168959, 0, 25, 48, 46, 16, 0.39%, 1, 0, 3, 70.49
