# unix_time, cycles_done, cur_path, paths_total, pending_total, pending_favs, map_size, unique_crashes, unique_hangs, max_depth, execs_per_sec
1676226921, 0, 0, 1, 1, 1, 0.09%, 0, 0, 1, 74.77
1676226926, 0, 0, 5, 5, 1, 0.12%, 0, 0, 2, 126.94
1676226931, 0, 0, 7, 7, 1, 0.12%, 0, 0, 2, 137.74
1676226937, 0, 0, 8, 8, 1, 0.12%, 0, 0, 2, 140.08
1676226947, 0, 0, 9, 9, 1, 0.13%, 0, 0, 2, 139.91
1676226952, 0, 0, 10, 10, 1, 0.13%, 0, 0, 2, 141.01
1676226988, 0, 0, 11, 11, 1, 0.13%, 0, 0, 2, 141.04
1676226993, 0, 0, 35, 35, 1, 0.15%, 0, 0, 2, 141.36
1676226998, 0, 0, 42, 42, 1, 0.16%, 0, 0, 2, 142.15
1676227003, 0, 0, 44, 44, 1, 0.16%, 0, 0, 2, 142.09
1676227008, 0, 0, 45, 45, 1, 0.16%, 0, 0, 2, 142.06
1676227013, 0, 0, 46, 46, 1, 0.16%, 0, 0, 2, 142.34
1676227018, 0, 0, 48, 48, 1, 0.16%, 0, 0, 2, 142.18
1676227048, 0, 0, 49, 49, 1, 0.16%, 0, 0, 2, 141.99
1676227068, 0, 0, 50, 50, 1, 0.16%, 0, 0, 2, 141.57
1676227099, 0, 0, 51, 51, 1, 0.16%, 0, 0, 2, 141.77
1676227134, 0, 0, 52, 52, 1, 0.16%, 0, 0, 2, 141.69
1676227169, 0, 0, 53, 53, 1, 0.16%, 0, 0, 2, 141.52
1676227209, 0, 0, 54, 54, 1, 0.16%, 0, 0, 2, 127.68
1676227229, 0, 35, 54, 53, 13, 0.16%, 0, 0, 2, 139.82
1676227280, 0, 35, 55, 54, 13, 0.16%, 0, 0, 3, 136.97
1676227285, 0, 35, 57, 56, 13, 0.16%, 0, 0, 3, 137.12
1676227306, 0, 35, 58, 57, 13, 0.16%, 0, 0, 3, 136.70
1676227331, 0, 35, 59, 58, 13, 0.16%, 0, 0, 3, 137.05
1676227357, 0, 35, 60, 59, 13, 0.16%, 0, 0, 3, 136.55
