# unix_time, cycles_done, cur_path, paths_total, pending_total, pending_favs, map_size, unique_crashes, unique_hangs, max_depth, execs_per_sec
1676167881, 0, 0, 1, 1, 1, 0.10%, 0, 0, 1, 74.07
1676167886, 0, 0, 4, 4, 1, 0.12%, 0, 0, 2, 92.30
1676167896, 0, 0, 8, 8, 1, 0.20%, 0, 0, 2, 98.00
1676167901, 0, 0, 10, 10, 1, 0.21%, 0, 0, 2, 95.23
1676167906, 0, 0, 11, 11, 1, 0.21%, 0, 0, 2, 97.53
1676167912, 0, 0, 12, 12, 1, 0.21%, 0, 0, 2, 94.28
1676167917, 0, 0, 14, 14, 1, 0.21%, 0, 0, 2, 94.94
1676167937, 0, 0, 15, 15, 1, 0.21%, 0, 0, 2, 95.45
1676167953, 0, 0, 16, 16, 1, 0.22%, 0, 0, 2, 95.82
1676167978, 0, 0, 17, 17, 1, 0.23%, 0, 0, 2, 88.65
1676167983, 0, 0, 18, 18, 1, 0.24%, 0, 0, 2, 90.30
1676168040, 0, 0, 19, 19, 1, 0.24%, 0, 0, 2, 82.18
1676168076, 0, 0, 20, 20, 1, 0.24%, 0, 0, 2, 87.96
1676168277, 0, 17, 20, 19, 12, 0.24%, 0, 0, 2, 75.16
1676168282, 0, 17, 21, 20, 12, 0.24%, 0, 0, 3, 80.16
1676168292, 0, 17, 22, 21, 12, 0.24%, 0, 0, 3, 79.40
1676168298, 0, 17, 24, 23, 12, 0.24%, 1, 0, 3, 78.80
1676168303, 0, 17, 26, 25, 12, 0.24%, 1, 0, 3, 80.90
1676168334, 0, 17, 29, 28, 12, 0.25%, 1, 0, 3, 77.33
1676168360, 0, 17, 30, 29, 12, 0.25%, 1, 0, 3, 77.34
1676168436, 0, 17, 31, 30, 12, 0.25%, 1, 0, 3, 81.95
1676168467, 0, 17, 32, 31, 12, 0.25%, 1, 0, 3, 64.24
