# relative_time, cycles_done, cur_item, corpus_count, pending_total, pending_favs, map_size, saved_crashes, saved_hangs, max_depth, execs_per_sec, total_execs, edges_found
61, 0, 0, 10, 10, 1, 0.00%, 0, 0, 2, 21.63, 1248, 144
66, 0, 0, 11, 11, 1, 0.00%, 0, 0, 2, 21.65, 1360, 146
72, 0, 0, 12, 12, 1, 0.00%, 0, 0, 2, 21.09, 1468, 147
77, 0, 0, 12, 12, 1, 0.00%, 0, 0, 2, 21.11, 1567, 147
82, 0, 0, 12, 12, 1, 0.00%, 0, 0, 2, 21.01, 1675, 147
87, 0, 0, 12, 12, 1, 0.00%, 0, 0, 2, 18.93, 1765, 147
92, 0, 0, 13, 13, 1, 0.00%, 0, 0, 2, 19.46, 1859, 148
97, 0, 0, 13, 13, 1, 0.00%, 0, 0, 2, 19.26, 1959, 148
102, 0, 0, 14, 14, 1, 0.00%, 0, 0, 2, 20.76, 2069, 149
107, 0, 0, 14, 14, 1, 0.00%, 0, 0, 2, 21.65, 2179, 149
112, 0, 0, 14, 14, 1, 0.00%, 0, 0, 2, 21.92, 2289, 149
117, 0, 0, 14, 14, 1, 0.00%, 0, 0, 2, 21.97, 2399, 149
122, 0, 0, 14, 14, 1, 0.00%, 0, 0, 2, 21.79, 2508, 149
127, 0, 0, 14, 14, 1, 0.00%, 0, 0, 2, 21.43, 2615, 149
132, 0, 0, 14, 14, 1, 0.00%, 0, 0, 2, 21.70, 2724, 149
137, 0, 0, 14, 14, 1, 0.00%, 0, 0, 2, 21.82, 2834, 149
142, 0, 0, 14, 14, 1, 0.00%, 0, 0, 2, 21.82, 2944, 149
148, 0, 0, 16, 16, 1, 0.00%, 0, 0, 2, 21.65, 3054, 151
153, 0, 0, 16, 16, 1, 0.00%, 0, 0, 2, 21.87, 3164, 151
158, 0, 0, 16, 16, 1, 0.00%, 0, 0, 2, 21.74, 3278, 151
163, 0, 0, 18, 18, 1, 0.00%, 0, 0, 2, 21.51, 3387, 152
168, 0, 0, 20, 20, 1, 0.00%, 0, 0, 2, 21.65, 3493, 155
173, 0, 0, 23, 23, 1, 0.00%, 0, 0, 2, 21.47, 3599, 158
178, 0, 0, 25, 25, 1, 0.00%, 0, 0, 2, 21.43, 3705, 162
183, 0, 0, 26, 26, 1, 0.00%, 0, 0, 2, 21.38, 3813, 164
188, 0, 0, 26, 26, 1, 0.00%, 0, 0, 2, 21.50, 3923, 164
193, 0, 0, 26, 26, 1, 0.00%, 0, 0, 2, 21.71, 4032, 164
198, 0, 0, 26, 26, 1, 0.00%, 0, 0, 2, 21.79, 4142, 164
203, 0, 0, 26, 26, 1, 0.00%, 0, 0, 2, 21.67, 4252, 164
208, 0, 0, 26, 26, 1, 0.00%, 0, 0, 2, 21.43, 4361, 164
214, 0, 3, 26, 24, 20, 0.00%, 0, 0, 2, 21.51, 4471, 164
219, 0, 3, 26, 24, 20, 0.00%, 0, 0, 2, 21.58, 4580, 164
224, 0, 14, 26, 23, 19, 0.00%, 0, 0, 2, 21.70, 4689, 164
229, 0, 14, 27, 24, 19, 0.00%, 0, 0, 3, 21.19, 4797, 166
234, 0, 9, 27, 23, 19, 0.00%, 0, 0, 3, 20.66, 4899, 166
239, 0, 9, 27, 23, 19, 0.00%, 0, 0, 3, 20.30, 5003, 166
244, 0, 9, 30, 26, 19, 0.00%, 1, 0, 3, 19.27, 5097, 186
250, 0, 27, 31, 26, 18, 0.00%, 1, 0, 4, 18.95, 5196, 186
255, 0, 27, 36, 31, 18, 0.00%, 1, 0, 4, 19.63, 5296, 186
260, 0, 27, 37, 32, 18, 0.00%, 1, 0, 4, 19.76, 5398, 186
265, 0, 27, 39, 34, 18, 0.00%, 1, 0, 4, 18.62, 5491, 187
271, 0, 27, 41, 36, 18, 0.00%, 1, 0, 4, 19.50, 5601, 187
276, 0, 27, 41, 36, 18, 0.00%, 1, 0, 4, 18.55, 5693, 187
281, 0, 27, 43, 38, 18, 0.00%, 1, 0, 4, 19.61, 5793, 187
286, 0, 27, 43, 38, 18, 0.00%, 1, 0, 4, 20.24, 5897, 187
291, 0, 27, 43, 38, 18, 0.00%, 1, 0, 4, 20.74, 6005, 187
296, 0, 27, 43, 38, 18, 0.00%, 1, 0, 4, 18.73, 6096, 187
301, 0, 27, 43, 38, 18, 0.00%, 1, 0, 4, 20.35, 6203, 187
307, 0, 27, 43, 38, 18, 0.00%, 1, 0, 4, 21.31, 6313, 187
312, 0, 27, 43, 38, 18, 0.00%, 1, 0, 4, 21.36, 6423, 187
317, 0, 27, 43, 38, 18, 0.00%, 1, 0, 4, 21.39, 6532, 187
322, 0, 27, 43, 38, 18, 0.00%, 1, 0, 4, 21.49, 6642, 187
327, 0, 27, 43, 38, 18, 0.00%, 1, 0, 4, 21.53, 6752, 187
332, 0, 27, 43, 38, 18, 0.00%, 1, 0, 4, 21.95, 6867, 187
337, 0, 27, 44, 39, 18, 0.00%, 1, 0, 4, 21.60, 6975, 187
342, 0, 27, 44, 39, 18, 0.00%, 1, 0, 4, 21.80, 7085, 187
347, 0, 27, 44, 39, 18, 0.00%, 1, 0, 4, 21.67, 7194, 187
352, 0, 27, 44, 39, 18, 0.00%, 1, 0, 4, 21.76, 7304, 187
357, 0, 27, 44, 39, 18, 0.00%, 1, 0, 4, 21.00, 7409, 187
363, 0, 27, 44, 39, 18, 0.00%, 1, 0, 4, 20.09, 7510, 187
368, 0, 27, 45, 40, 18, 0.00%, 1, 0, 4, 20.14, 7611, 187
373, 0, 27, 45, 40, 18, 0.00%, 1, 0, 4, 19.82, 7716, 187
378, 0, 27, 45, 40, 18, 0.00%, 1, 0, 4, 19.32, 7812, 187
383, 0, 27, 45, 40, 18, 0.00%, 1, 0, 4, 20.31, 7918, 187
388, 0, 27, 45, 40, 18, 0.00%, 1, 0, 4, 19.83, 8020, 187
393, 0, 27, 45, 40, 18, 0.00%, 1, 0, 4, 20.48, 8126, 187
399, 0, 27, 45, 40, 18, 0.00%, 1, 0, 4, 20.89, 8234, 187
404, 0, 27, 45, 40, 18, 0.00%, 1, 0, 4, 22.18, 8347, 187
409, 0, 27, 46, 41, 18, 0.00%, 1, 0, 4, 21.18, 8451, 189
414, 0, 27, 46, 41, 18, 0.00%, 1, 0, 4, 21.14, 8557, 189
419, 0, 27, 46, 41, 18, 0.00%, 1, 0, 4, 17.66, 8639, 189
424, 0, 20, 46, 40, 17, 0.00%, 1, 0, 4, 18.32, 8734, 189
429, 0, 20, 46, 40, 17, 0.00%, 1, 0, 4, 19.36, 8834, 189
434, 0, 16, 46, 39, 16, 0.00%, 1, 0, 4, 19.18, 8930, 189
439, 0, 16, 46, 39, 16, 0.00%, 1, 0, 4, 20.32, 9035, 189
444, 0, 19, 46, 38, 15, 0.00%, 1, 0, 4, 19.67, 9135, 189
450, 0, 19, 46, 38, 15, 0.00%, 1, 0, 4, 19.76, 9239, 189
455, 0, 38, 46, 37, 14, 0.00%, 1, 0, 4, 18.97, 9337, 189
460, 0, 38, 46, 37, 14, 0.00%, 1, 0, 4, 19.34, 9436, 189
465, 0, 38, 47, 38, 14, 0.00%, 1, 0, 5, 19.33, 9533, 189
470, 0, 24, 47, 37, 13, 0.00%, 1, 0, 5, 20.12, 9637, 189
475, 0, 24, 47, 37, 13, 0.00%, 1, 0, 5, 21.21, 9747, 189
480, 0, 4, 47, 36, 12, 0.00%, 1, 0, 5, 20.69, 9851, 189
485, 0, 4, 47, 36, 12, 0.00%, 1, 0, 5, 21.25, 9960, 189
490, 0, 25, 47, 35, 11, 0.00%, 1, 0, 5, 21.31, 10070, 189
496, 0, 25, 47, 35, 11, 0.00%, 1, 0, 5, 21.42, 10179, 189
501, 0, 12, 47, 34, 10, 0.00%, 1, 0, 5, 20.84, 10286, 189
506, 0, 12, 47, 34, 10, 0.00%, 1, 0, 5, 21.16, 10394, 189
511, 0, 23, 47, 33, 9, 0.00%, 1, 0, 5, 20.89, 10503, 189
516, 0, 23, 47, 33, 9, 0.00%, 1, 0, 5, 21.18, 10612, 189
521, 0, 23, 47, 33, 9, 0.00%, 1, 0, 5, 21.41, 10722, 189
526, 0, 2, 47, 32, 9, 0.00%, 1, 0, 5, 21.19, 10829, 189
531, 0, 2, 47, 32, 9, 0.00%, 1, 0, 5, 21.33, 10938, 189
537, 0, 8, 47, 31, 8, 0.00%, 1, 0, 5, 21.37, 11046, 189
542, 0, 10, 47, 30, 7, 0.00%, 1, 0, 5, 21.49, 11156, 189
547, 0, 10, 47, 30, 7, 0.00%, 1, 0, 5, 21.11, 11263, 189
552, 0, 10, 47, 30, 7, 0.00%, 1, 0, 5, 21.48, 11373, 189
557, 0, 7, 47, 29, 6, 0.00%, 1, 0, 5, 21.40, 11480, 189
562, 0, 7, 48, 30, 6, 0.00%, 1, 0, 5, 21.15, 11585, 190
567, 0, 21, 48, 29, 6, 0.00%, 1, 0, 5, 21.17, 11692, 190
572, 0, 21, 48, 29, 6, 0.00%, 1, 0, 5, 21.47, 11802, 190
577, 0, 13, 49, 29, 5, 0.00%, 1, 0, 5, 21.12, 11909, 190
582, 0, 13, 49, 29, 5, 0.00%, 1, 0, 5, 21.65, 12019, 190
588, 0, 5, 49, 28, 4, 0.00%, 1, 0, 5, 21.66, 12129, 190
593, 0, 5, 49, 28, 4, 0.00%, 1, 0, 5, 21.16, 12235, 190
598, 0, 45, 49, 27, 3, 0.00%, 1, 0, 5, 21.12, 12342, 190
598, 0, 45, 49, 27, 3, 0.00%, 1, 0, 5, 20.70, 12348, 190
