# unix_time, cycles_done, cur_path, paths_total, pending_total, pending_favs, map_size, unique_crashes, unique_hangs, max_depth, execs_per_sec
1676171482, 0, 0, 1, 1, 1, 0.18%, 0, 0, 1, 59.26
1676171487, 0, 0, 4, 4, 1, 0.19%, 0, 0, 2, 68.93
1676171503, 0, 0, 6, 6, 1, 0.25%, 0, 0, 2, 81.20
1676171508, 0, 0, 8, 8, 1, 0.35%, 0, 0, 2, 80.35
1676171513, 0, 0, 9, 9, 1, 0.35%, 0, 0, 2, 79.33
1676171518, 0, 0, 10, 10, 1, 0.35%, 0, 0, 2, 81.61
1676171523, 0, 0, 11, 11, 1, 0.41%, 0, 0, 2, 81.61
1676171533, 0, 0, 12, 12, 1, 0.41%, 0, 0, 2, 81.98
1676171682, 0, 0, 13, 13, 1, 0.44%, 0, 0, 2, 77.55
1676171703, 0, 10, 13, 12, 11, 0.44%, 0, 0, 2, 76.98
1676171708, 0, 10, 15, 14, 11, 0.44%, 0, 0, 3, 75.03
1676171713, 0, 10, 16, 15, 11, 0.44%, 0, 0, 3, 75.62
1676171718, 0, 10, 17, 16, 11, 0.44%, 0, 0, 3, 75.25
1676171734, 0, 10, 22, 21, 11, 0.50%, 0, 0, 3, 68.88
1676171744, 0, 10, 22, 21, 11, 0.50%, 1, 0, 3, 68.53
1676171754, 0, 10, 24, 23, 11, 0.50%, 1, 0, 3, 65.50
1676171770, 0, 10, 25, 24, 11, 0.51%, 1, 0, 3, 70.42
1676171785, 0, 10, 26, 25, 11, 0.51%, 1, 0, 3, 73.46
1676171790, 0, 10, 27, 26, 11, 0.51%, 1, 0, 3, 52.20
1676171800, 0, 10, 28, 27, 11, 0.51%, 1, 0, 3, 58.88
1676171805, 0, 10, 29, 28, 11, 0.51%, 1, 0, 3, 63.75
1676171816, 0, 10, 31, 30, 11, 0.51%, 1, 0, 3, 65.17
1676171826, 0, 10, 32, 31, 11, 0.51%, 1, 0, 3, 67.56
1676171831, 0, 10, 34, 33, 11, 0.51%, 1, 0, 3, 70.95
1676171852, 0, 10, 35, 34, 11, 0.51%, 1, 0, 3, 70.35
1676171857, 0, 10, 36, 35, 11, 0.51%, 1, 0, 3, 72.50
1676171877, 0, 10, 37, 36, 11, 0.51%, 1, 0, 3, 73.73
1676171882, 0, 10, 39, 38, 11, 0.51%, 1, 0, 3, 73.75
1676171893, 0, 10, 39, 38, 11, 0.51%, 2, 0, 3, 71.77
1676171918, 0, 32, 39, 37, 16, 0.51%, 2, 0, 3, 68.56
1676171944, 0, 32, 40, 38, 16, 0.51%, 2, 0, 4, 71.09
1676171995, 0, 32, 41, 39, 16, 0.52%, 2, 0, 4, 73.62
