# unix_time, cycles_done, cur_path, paths_total, pending_total, pending_favs, map_size, unique_crashes, unique_hangs, max_depth, execs_per_sec
1676213462, 0, 0, 1, 1, 1, 0.11%, 0, 0, 1, 96.39
1676213467, 0, 0, 26, 26, 1, 0.17%, 0, 0, 2, 136.26
1676213472, 0, 0, 29, 29, 1, 0.17%, 0, 0, 2, 144.90
1676213477, 0, 0, 35, 35, 1, 0.18%, 0, 0, 2, 147.23
1676213482, 0, 0, 37, 37, 1, 0.18%, 0, 0, 2, 147.70
1676213488, 0, 0, 40, 40, 1, 0.19%, 0, 0, 2, 146.98
1676213493, 0, 0, 41, 41, 1, 0.19%, 0, 0, 2, 147.39
1676213529, 0, 0, 58, 58, 1, 0.20%, 0, 0, 2, 145.96
1676213534, 0, 0, 62, 62, 1, 0.20%, 0, 0, 2, 146.05
1676213544, 0, 0, 64, 64, 1, 0.20%, 0, 0, 2, 146.46
1676213549, 0, 0, 67, 67, 1, 0.20%, 0, 0, 2, 146.19
1676213554, 0, 0, 68, 68, 1, 0.20%, 0, 0, 2, 146.47
1676213559, 0, 0, 69, 69, 1, 0.20%, 0, 0, 2, 146.68
1676213565, 0, 0, 71, 71, 1, 0.20%, 0, 0, 2, 145.84
1676213570, 0, 0, 72, 72, 1, 0.20%, 0, 0, 2, 146.33
1676213580, 0, 0, 75, 75, 1, 0.20%, 0, 0, 2, 145.70
1676213585, 0, 0, 76, 76, 1, 0.20%, 0, 0, 2, 146.30
1676213590, 0, 0, 77, 77, 1, 0.20%, 0, 0, 2, 146.40
1676213595, 0, 0, 78, 78, 1, 0.20%, 0, 0, 2, 146.26
1676213600, 0, 0, 80, 80, 1, 0.20%, 0, 0, 2, 146.82
1676213616, 0, 0, 81, 81, 1, 0.20%, 0, 0, 2, 146.61
1676213647, 0, 0, 82, 82, 1, 0.20%, 0, 0, 2, 146.37
1676213652, 0, 0, 83, 83, 1, 0.20%, 0, 0, 2, 146.03
1676213662, 0, 0, 84, 84, 1, 0.20%, 0, 0, 2, 146.63
1676213693, 0, 0, 86, 86, 1, 0.20%, 0, 0, 2, 146.18
1676213723, 0, 0, 87, 87, 1, 0.20%, 0, 0, 2, 146.61
1676213729, 0, 0, 87, 87, 1, 0.20%, 1, 0, 2, 146.48
1676213754, 0, 28, 87, 86, 15, 0.20%, 1, 0, 2, 146.13
1676213769, 0, 28, 88, 87, 15, 0.20%, 1, 0, 3, 147.34
1676213785, 0, 28, 90, 89, 15, 0.20%, 1, 0, 3, 144.59
1676213801, 0, 28, 91, 90, 15, 0.20%, 1, 0, 3, 144.39
1676213806, 0, 28, 92, 91, 15, 0.20%, 1, 0, 3, 144.15
1676213811, 0, 28, 94, 93, 15, 0.20%, 1, 0, 3, 144.54
1676213816, 0, 28, 96, 95, 15, 0.20%, 1, 0, 3, 143.41
1676213821, 0, 28, 97, 96, 15, 0.20%, 1, 0, 3, 143.75
1676213857, 0, 28, 98, 97, 15, 0.20%, 1, 0, 3, 144.68
1676213868, 0, 28, 99, 98, 15, 0.20%, 1, 0, 3, 144.45
1676213873, 0, 28, 100, 99, 15, 0.20%, 1, 0, 3, 144.46
1676213878, 0, 28, 101, 100, 15, 0.20%, 1, 0, 3, 144.31
1676213904, 0, 28, 102, 101, 15, 0.20%, 1, 0, 3, 144.74
