# relative_time, cycles_done, cur_item, corpus_count, pending_total, pending_favs, map_size, saved_crashes, saved_hangs, max_depth, execs_per_sec, total_execs, edges_found
61, 0, 0, 13, 13, 1, 0.00%, 0, 0, 2, 23.20, 1431, 152
66, 0, 0, 13, 13, 1, 0.00%, 0, 0, 2, 23.41, 1551, 152
71, 0, 0, 13, 13, 1, 0.00%, 0, 0, 2, 23.29, 1671, 152
76, 0, 0, 14, 14, 1, 0.00%, 0, 0, 2, 23.12, 1786, 156
81, 0, 0, 14, 14, 1, 0.00%, 0, 0, 2, 22.56, 1900, 156
86, 0, 0, 14, 14, 1, 0.00%, 0, 0, 2, 22.44, 2014, 156
92, 0, 0, 15, 15, 1, 0.00%, 0, 0, 2, 22.31, 2132, 160
97, 0, 0, 16, 16, 1, 0.00%, 0, 0, 2, 22.37, 2245, 161
102, 0, 0, 17, 17, 1, 0.00%, 0, 0, 2, 22.24, 2358, 161
107, 0, 0, 17, 17, 1, 0.00%, 0, 0, 2, 22.32, 2473, 161
112, 0, 0, 18, 18, 1, 0.00%, 0, 0, 2, 21.89, 2584, 162
117, 0, 0, 18, 18, 1, 0.00%, 0, 0, 2, 22.02, 2699, 162
123, 0, 0, 19, 19, 1, 0.00%, 0, 0, 2, 21.53, 2812, 162
128, 0, 0, 19, 19, 1, 0.00%, 0, 0, 2, 21.35, 2920, 162
133, 0, 0, 19, 19, 1, 0.00%, 0, 0, 2, 21.44, 3029, 162
138, 0, 0, 19, 19, 1, 0.00%, 0, 0, 2, 21.52, 3139, 162
143, 0, 0, 19, 19, 1, 0.00%, 0, 0, 2, 21.36, 3248, 162
148, 0, 0, 19, 19, 1, 0.00%, 0, 0, 2, 21.50, 3358, 162
153, 0, 0, 20, 20, 1, 0.00%, 0, 0, 2, 21.26, 3465, 164
158, 0, 0, 20, 20, 1, 0.00%, 0, 0, 2, 20.20, 3568, 164
164, 0, 0, 20, 20, 1, 0.00%, 0, 0, 2, 20.92, 3677, 164
169, 0, 0, 20, 20, 1, 0.00%, 0, 0, 2, 20.89, 3785, 164
174, 0, 0, 21, 21, 1, 0.00%, 0, 0, 2, 20.89, 3893, 165
179, 0, 0, 22, 22, 1, 0.00%, 0, 0, 2, 21.10, 4000, 165
184, 0, 0, 23, 23, 1, 0.00%, 0, 0, 2, 21.05, 4108, 166
189, 0, 0, 23, 23, 1, 0.00%, 0, 0, 2, 21.25, 4218, 166
195, 0, 0, 23, 23, 1, 0.00%, 0, 0, 2, 20.88, 4324, 166
200, 0, 0, 23, 23, 1, 0.00%, 0, 0, 2, 20.84, 4432, 166
205, 0, 0, 23, 23, 1, 0.00%, 0, 0, 2, 20.64, 4538, 166
210, 0, 0, 23, 23, 1, 0.00%, 0, 0, 2, 21.10, 4648, 166
215, 0, 0, 23, 23, 1, 0.00%, 0, 0, 2, 21.09, 4758, 166
220, 0, 0, 23, 23, 1, 0.00%, 0, 0, 2, 20.99, 4867, 166
226, 0, 0, 23, 23, 1, 0.00%, 0, 0, 2, 20.95, 4975, 166
231, 0, 0, 23, 23, 1, 0.00%, 0, 0, 2, 21.06, 5085, 166
236, 0, 0, 23, 23, 1, 0.00%, 0, 0, 2, 21.13, 5194, 166
241, 0, 0, 23, 23, 1, 0.00%, 0, 0, 2, 20.90, 5301, 166
246, 0, 0, 23, 23, 1, 0.00%, 0, 0, 2, 20.87, 5409, 166
252, 0, 0, 23, 23, 1, 0.00%, 0, 0, 2, 21.10, 5519, 166
257, 0, 0, 23, 23, 1, 0.00%, 0, 0, 2, 20.94, 5627, 166
262, 0, 0, 23, 23, 1, 0.00%, 0, 0, 2, 21.07, 5737, 166
267, 0, 0, 23, 23, 1, 0.00%, 0, 0, 2, 21.03, 5846, 166
272, 0, 0, 23, 23, 1, 0.00%, 0, 0, 2, 21.11, 5956, 166
278, 0, 0, 23, 23, 1, 0.00%, 0, 0, 2, 20.76, 6064, 166
283, 0, 0, 23, 23, 1, 0.00%, 0, 0, 2, 20.91, 6173, 166
288, 0, 0, 23, 23, 1, 0.00%, 0, 0, 2, 21.06, 6283, 166
293, 0, 0, 23, 23, 1, 0.00%, 0, 0, 2, 21.11, 6393, 166
298, 0, 0, 23, 23, 1, 0.00%, 0, 0, 2, 21.03, 6502, 166
304, 0, 0, 23, 23, 1, 0.00%, 0, 0, 2, 21.08, 6611, 166
309, 0, 0, 23, 23, 1, 0.00%, 0, 0, 2, 21.15, 6721, 166
314, 0, 0, 26, 26, 1, 0.00%, 0, 0, 2, 20.33, 6818, 167
319, 0, 0, 29, 29, 1, 0.00%, 0, 0, 2, 19.93, 6917, 167
324, 0, 0, 35, 35, 1, 0.00%, 0, 0, 2, 19.67, 7014, 167
329, 0, 0, 40, 40, 1, 0.00%, 0, 0, 2, 20.10, 7115, 169
334, 0, 0, 41, 41, 1, 0.00%, 0, 0, 2, 20.35, 7219, 169
340, 0, 0, 44, 44, 1, 0.00%, 0, 0, 2, 20.12, 7321, 169
345, 0, 0, 45, 45, 1, 0.00%, 0, 0, 2, 19.92, 7422, 169
350, 0, 0, 46, 46, 1, 0.00%, 0, 0, 2, 20.31, 7525, 171
355, 0, 0, 48, 48, 1, 0.00%, 0, 0, 2, 20.34, 7626, 171
360, 0, 0, 49, 49, 1, 0.00%, 0, 0, 2, 20.39, 7731, 171
365, 0, 0, 49, 49, 1, 0.00%, 0, 0, 2, 20.42, 7833, 171
370, 0, 0, 50, 50, 1, 0.00%, 0, 0, 2, 20.44, 7939, 171
375, 0, 0, 50, 50, 1, 0.00%, 0, 0, 2, 20.29, 8041, 171
381, 0, 0, 50, 50, 1, 0.00%, 0, 0, 2, 20.45, 8148, 171
386, 0, 0, 50, 50, 1, 0.00%, 0, 0, 2, 20.53, 8251, 171
391, 0, 0, 50, 50, 1, 0.00%, 0, 0, 2, 20.31, 8355, 171
396, 0, 0, 50, 50, 1, 0.00%, 0, 0, 2, 20.42, 8458, 171
401, 0, 0, 50, 50, 1, 0.00%, 0, 0, 2, 20.51, 8562, 171
406, 0, 0, 51, 51, 1, 0.00%, 0, 0, 2, 20.97, 8667, 171
411, 0, 3, 51, 50, 20, 0.00%, 0, 0, 2, 20.17, 8771, 171
416, 0, 3, 52, 51, 20, 0.00%, 0, 0, 3, 19.98, 8874, 171
421, 0, 3, 52, 51, 20, 0.00%, 0, 0, 3, 20.04, 8977, 171
427, 0, 5, 52, 50, 19, 0.00%, 0, 0, 3, 20.28, 9079, 171
432, 0, 5, 52, 50, 19, 0.00%, 0, 0, 3, 20.21, 9184, 171
437, 0, 15, 52, 49, 18, 0.00%, 0, 0, 3, 19.98, 9285, 171
442, 0, 15, 52, 49, 18, 0.00%, 0, 0, 3, 20.19, 9390, 171
447, 0, 18, 52, 48, 17, 0.00%, 0, 0, 3, 20.33, 9495, 171
452, 0, 18, 52, 48, 17, 0.00%, 0, 0, 3, 20.38, 9601, 171
457, 0, 24, 52, 47, 16, 0.00%, 0, 0, 3, 20.43, 9705, 171
463, 0, 24, 53, 48, 16, 0.00%, 0, 0, 3, 20.15, 9808, 172
468, 0, 24, 54, 49, 16, 0.00%, 0, 0, 3, 19.96, 9909, 174
473, 0, 17, 54, 48, 17, 0.00%, 0, 0, 3, 20.03, 10013, 174
478, 0, 17, 54, 48, 17, 0.00%, 0, 0, 3, 20.34, 10120, 174
483, 0, 1, 54, 47, 16, 0.00%, 0, 0, 3, 20.16, 10224, 174
488, 0, 1, 54, 47, 16, 0.00%, 0, 0, 3, 20.50, 10329, 174
494, 0, 53, 54, 46, 15, 0.00%, 0, 0, 3, 20.01, 10433, 174
499, 0, 53, 55, 47, 15, 0.00%, 1, 0, 4, 19.17, 10529, 176
504, 0, 53, 56, 48, 15, 0.00%, 1, 0, 4, 19.87, 10630, 177
509, 0, 53, 56, 48, 15, 0.00%, 1, 0, 4, 20.36, 10734, 177
514, 0, 8, 56, 47, 15, 0.00%, 1, 0, 4, 20.19, 10836, 177
519, 0, 8, 56, 47, 15, 0.00%, 1, 0, 4, 20.50, 10944, 177
524, 0, 16, 57, 47, 14, 0.00%, 1, 0, 4, 20.40, 11049, 177
530, 0, 16, 57, 47, 14, 0.00%, 1, 0, 4, 20.56, 11157, 177
535, 0, 16, 57, 47, 14, 0.00%, 1, 0, 4, 20.61, 11262, 177
540, 0, 35, 57, 46, 13, 0.00%, 1, 0, 4, 20.45, 11368, 177
545, 0, 35, 57, 46, 13, 0.00%, 1, 0, 4, 20.26, 11471, 177
550, 0, 26, 57, 45, 12, 0.00%, 1, 0, 4, 19.80, 11570, 177
555, 0, 26, 57, 45, 12, 0.00%, 1, 0, 4, 20.30, 11677, 177
560, 0, 19, 57, 44, 11, 0.00%, 1, 0, 4, 19.56, 11775, 177
565, 0, 19, 57, 44, 11, 0.00%, 1, 0, 4, 20.23, 11877, 177
570, 0, 19, 57, 44, 11, 0.00%, 1, 0, 4, 20.53, 11981, 177
576, 0, 19, 61, 48, 11, 0.00%, 1, 0, 4, 19.91, 12088, 180
582, 0, 19, 63, 50, 11, 0.00%, 1, 0, 4, 19.65, 12195, 180
587, 0, 19, 65, 52, 11, 0.00%, 1, 0, 4, 19.93, 12294, 181
592, 0, 19, 68, 55, 11, 0.00%, 1, 0, 4, 20.00, 12394, 181
597, 0, 19, 68, 55, 11, 0.00%, 1, 0, 4, 20.44, 12499, 181
598, 0, 19, 69, 56, 11, 0.00%, 1, 0, 4, 0.00, 12520, 181
