# unix_time, cycles_done, cur_path, paths_total, pending_total, pending_favs, map_size, unique_crashes, unique_hangs, max_depth, execs_per_sec
1676201315, 0, 0, 1, 1, 1, 0.12%, 0, 0, 1, 91.95
1676201321, 0, 0, 19, 19, 1, 0.17%, 0, 0, 2, 136.06
1676201326, 0, 0, 22, 22, 1, 0.18%, 0, 0, 2, 145.20
1676201331, 0, 0, 24, 24, 1, 0.19%, 0, 0, 2, 147.94
1676201341, 0, 0, 25, 25, 1, 0.19%, 0, 0, 2, 147.82
1676201371, 0, 0, 56, 56, 1, 0.22%, 0, 0, 2, 149.08
1676201377, 0, 0, 64, 64, 1, 0.22%, 0, 0, 2, 149.77
1676201382, 0, 0, 70, 70, 1, 0.23%, 0, 0, 2, 150.15
1676201387, 0, 0, 74, 74, 1, 0.23%, 0, 0, 2, 150.23
1676201392, 0, 0, 78, 78, 1, 0.23%, 0, 0, 2, 150.26
1676201402, 0, 0, 80, 80, 1, 0.23%, 0, 0, 2, 150.40
1676201407, 0, 0, 81, 81, 1, 0.23%, 0, 0, 2, 150.40
1676201438, 0, 0, 82, 82, 1, 0.23%, 0, 0, 2, 149.98
1676201458, 0, 0, 83, 83, 1, 0.23%, 0, 0, 2, 150.30
1676201484, 0, 0, 84, 84, 1, 0.23%, 0, 0, 2, 150.56
1676201499, 0, 0, 85, 85, 1, 0.23%, 0, 0, 2, 150.48
1676201529, 0, 0, 86, 86, 1, 0.23%, 0, 0, 2, 149.89
1676201539, 0, 0, 87, 87, 1, 0.23%, 0, 0, 2, 150.16
1676201575, 0, 0, 88, 88, 1, 0.23%, 0, 0, 2, 150.21
1676201591, 0, 65, 88, 87, 16, 0.23%, 0, 0, 2, 148.97
1676201636, 0, 65, 90, 89, 16, 0.23%, 0, 0, 3, 145.54
1676201642, 0, 65, 91, 90, 16, 0.23%, 0, 0, 3, 145.81
1676201657, 0, 65, 92, 91, 16, 0.23%, 0, 0, 3, 144.29
1676201662, 0, 65, 93, 92, 16, 0.23%, 0, 0, 3, 145.25
1676201673, 0, 65, 94, 93, 16, 0.23%, 0, 0, 3, 145.56
1676201703, 0, 65, 95, 94, 16, 0.23%, 0, 0, 3, 145.43
