# unix_time, cycles_done, cur_path, paths_total, pending_total, pending_favs, map_size, unique_crashes, unique_hangs, max_depth, execs_per_sec
1676218241, 0, 0, 1, 1, 1, 0.17%, 0, 0, 1, 82.47
1676218246, 0, 0, 21, 21, 1, 0.24%, 0, 0, 2, 128.86
1676218251, 0, 0, 23, 23, 1, 0.24%, 0, 0, 2, 139.92
1676218256, 0, 0, 31, 31, 1, 0.25%, 0, 0, 2, 141.98
1676218261, 0, 0, 32, 32, 1, 0.25%, 0, 0, 2, 142.99
1676218266, 0, 0, 33, 33, 1, 0.25%, 0, 0, 2, 142.98
1676218322, 0, 0, 50, 50, 1, 0.27%, 0, 0, 2, 143.96
1676218327, 0, 0, 53, 53, 1, 0.28%, 0, 0, 2, 144.51
1676218353, 0, 0, 55, 55, 1, 0.28%, 0, 0, 2, 145.40
1676218379, 0, 0, 56, 56, 1, 0.28%, 0, 0, 2, 145.21
1676218405, 0, 0, 57, 57, 1, 0.28%, 0, 0, 2, 144.72
1676218513, 0, 0, 58, 58, 1, 0.28%, 0, 0, 2, 145.53
1676218549, 0, 54, 58, 57, 13, 0.28%, 0, 0, 2, 144.31
1676218600, 0, 54, 59, 58, 13, 0.28%, 0, 0, 3, 141.62
1676218610, 1, 51, 59, 57, 12, 0.28%, 0, 0, 3, 142.51
1676218655, 1, 51, 60, 58, 12, 0.28%, 0, 0, 3, 141.40
1676218665, 1, 52, 60, 57, 11, 0.28%, 0, 0, 3, 143.41
