# relative_time, cycles_done, cur_item, corpus_count, pending_total, pending_favs, map_size, saved_crashes, saved_hangs, max_depth, execs_per_sec, total_execs, edges_found
61, 0, 0, 7, 7, 1, 0.00%, 0, 0, 2, 25.64, 1572, 94
66, 0, 0, 7, 7, 1, 0.00%, 0, 0, 2, 25.74, 1704, 94
71, 0, 0, 9, 9, 1, 0.00%, 0, 0, 2, 25.55, 1829, 101
76, 0, 0, 10, 10, 1, 0.00%, 0, 0, 2, 25.48, 1958, 107
81, 0, 0, 11, 11, 1, 0.00%, 0, 0, 2, 25.53, 2089, 118
86, 0, 0, 12, 12, 1, 0.00%, 0, 0, 2, 25.46, 2218, 125
91, 0, 0, 12, 12, 1, 0.00%, 0, 0, 2, 25.61, 2350, 125
97, 0, 0, 13, 13, 1, 0.00%, 0, 0, 2, 25.48, 2482, 125
102, 0, 0, 14, 14, 1, 0.00%, 0, 0, 2, 25.52, 2609, 127
107, 0, 0, 15, 15, 1, 0.00%, 0, 0, 2, 25.53, 2740, 129
112, 0, 0, 16, 16, 1, 0.00%, 0, 0, 2, 25.41, 2868, 129
117, 0, 0, 16, 16, 1, 0.00%, 0, 0, 2, 25.58, 2999, 129
122, 0, 0, 18, 18, 1, 0.00%, 0, 0, 2, 25.16, 3129, 131
127, 0, 0, 18, 18, 1, 0.00%, 0, 0, 2, 25.43, 3260, 131
132, 0, 0, 18, 18, 1, 0.00%, 0, 0, 2, 25.44, 3388, 131
138, 0, 0, 19, 19, 1, 0.00%, 0, 0, 2, 25.38, 3526, 132
143, 0, 0, 19, 19, 1, 0.00%, 0, 0, 2, 25.51, 3657, 132
148, 0, 0, 20, 20, 1, 0.00%, 0, 0, 2, 25.28, 3786, 136
153, 0, 0, 20, 20, 1, 0.00%, 0, 0, 2, 25.44, 3915, 136
158, 0, 0, 20, 20, 1, 0.00%, 0, 0, 2, 25.57, 4046, 136
164, 0, 0, 21, 21, 1, 0.00%, 0, 0, 2, 25.44, 4177, 137
169, 0, 0, 21, 21, 1, 0.00%, 0, 0, 2, 25.34, 4307, 137
174, 0, 0, 21, 21, 1, 0.00%, 0, 0, 2, 25.55, 4439, 137
179, 0, 0, 21, 21, 1, 0.00%, 0, 0, 2, 25.51, 4570, 137
184, 0, 0, 21, 21, 1, 0.00%, 0, 0, 2, 25.51, 4700, 137
189, 0, 0, 23, 23, 1, 0.00%, 0, 0, 2, 25.19, 4834, 137
195, 0, 0, 23, 23, 1, 0.00%, 0, 0, 2, 25.52, 4966, 137
200, 0, 0, 23, 23, 1, 0.00%, 0, 0, 2, 25.32, 5095, 137
205, 0, 0, 23, 23, 1, 0.00%, 0, 0, 2, 25.43, 5226, 137
210, 0, 0, 23, 23, 1, 0.00%, 0, 0, 2, 25.58, 5358, 137
215, 0, 0, 23, 23, 1, 0.00%, 0, 0, 2, 25.57, 5489, 137
220, 0, 0, 23, 23, 1, 0.00%, 0, 0, 2, 25.52, 5620, 137
225, 0, 0, 23, 23, 1, 0.00%, 0, 0, 2, 25.55, 5752, 137
230, 0, 0, 23, 23, 1, 0.00%, 0, 0, 2, 25.50, 5881, 137
236, 0, 0, 23, 23, 1, 0.00%, 0, 0, 2, 25.46, 6011, 137
241, 0, 0, 23, 23, 1, 0.00%, 0, 0, 2, 25.15, 6140, 137
246, 0, 0, 23, 23, 1, 0.00%, 0, 0, 2, 25.45, 6272, 137
251, 0, 0, 23, 23, 1, 0.00%, 0, 0, 2, 25.56, 6404, 137
256, 0, 0, 24, 24, 1, 0.00%, 0, 0, 2, 25.45, 6532, 139
261, 0, 0, 24, 24, 1, 0.00%, 0, 0, 2, 25.51, 6664, 139
267, 0, 0, 25, 25, 1, 0.00%, 0, 0, 2, 25.33, 6795, 139
272, 0, 0, 34, 34, 1, 0.00%, 0, 0, 2, 23.73, 6908, 144
277, 0, 0, 42, 42, 1, 0.00%, 0, 0, 2, 23.30, 7030, 146
282, 0, 0, 46, 46, 1, 0.00%, 0, 0, 2, 23.91, 7157, 146
287, 0, 0, 46, 46, 1, 0.00%, 0, 0, 2, 24.85, 7284, 146
293, 0, 0, 47, 47, 1, 0.00%, 1, 0, 2, 24.81, 7418, 146
298, 0, 0, 49, 49, 1, 0.00%, 1, 0, 2, 24.45, 7542, 148
303, 0, 0, 49, 49, 1, 0.00%, 1, 0, 2, 24.88, 7670, 148
308, 0, 0, 50, 50, 1, 0.00%, 1, 0, 2, 24.99, 7798, 148
313, 0, 0, 50, 50, 1, 0.00%, 1, 0, 2, 24.88, 7925, 148
319, 0, 0, 50, 50, 1, 0.00%, 1, 0, 2, 25.03, 8055, 148
324, 0, 0, 50, 50, 1, 0.00%, 1, 0, 2, 25.18, 8185, 148
329, 0, 0, 50, 50, 1, 0.00%, 1, 0, 2, 24.93, 8313, 148
334, 0, 0, 50, 50, 1, 0.00%, 1, 0, 2, 25.29, 8442, 148
339, 0, 0, 50, 50, 1, 0.00%, 1, 0, 2, 25.11, 8570, 148
344, 0, 7, 50, 49, 18, 0.00%, 1, 0, 2, 24.60, 8694, 148
349, 0, 9, 50, 48, 17, 0.00%, 1, 0, 2, 25.04, 8820, 148
354, 0, 9, 50, 48, 17, 0.00%, 1, 0, 2, 25.23, 8948, 148
359, 0, 42, 50, 47, 16, 0.00%, 1, 0, 2, 24.62, 9075, 148
364, 0, 42, 51, 48, 16, 0.00%, 1, 0, 3, 24.68, 9198, 149
369, 0, 17, 51, 47, 15, 0.00%, 1, 0, 3, 24.86, 9324, 149
374, 0, 17, 51, 47, 15, 0.00%, 1, 0, 3, 25.26, 9454, 149
380, 0, 47, 51, 46, 14, 0.00%, 1, 0, 3, 24.88, 9583, 149
385, 0, 47, 51, 46, 14, 0.00%, 1, 0, 3, 25.32, 9711, 149
390, 0, 13, 52, 46, 13, 0.00%, 1, 0, 3, 24.34, 9833, 150
395, 0, 13, 53, 47, 13, 0.00%, 1, 0, 3, 24.82, 9971, 151
401, 0, 13, 59, 53, 13, 0.00%, 1, 0, 3, 24.28, 10097, 154
406, 0, 13, 62, 56, 13, 0.00%, 1, 0, 3, 24.70, 10221, 155
411, 0, 13, 63, 57, 13, 0.00%, 1, 0, 3, 25.09, 10348, 155
416, 0, 13, 64, 58, 13, 0.00%, 1, 0, 3, 24.80, 10472, 155
421, 0, 13, 69, 63, 13, 0.00%, 1, 0, 3, 24.39, 10590, 155
426, 0, 13, 71, 65, 13, 0.00%, 1, 0, 3, 24.70, 10713, 155
431, 0, 13, 71, 65, 13, 0.00%, 1, 0, 3, 24.77, 10839, 155
436, 0, 13, 72, 66, 13, 0.00%, 1, 0, 3, 24.51, 10966, 155
441, 0, 13, 72, 66, 13, 0.00%, 1, 0, 3, 25.12, 11098, 155
447, 0, 13, 72, 66, 13, 0.00%, 1, 0, 3, 25.02, 11228, 155
452, 0, 13, 73, 67, 13, 0.00%, 1, 0, 3, 24.83, 11355, 155
457, 0, 13, 74, 68, 13, 0.00%, 1, 0, 3, 25.09, 11485, 155
462, 0, 13, 74, 68, 13, 0.00%, 1, 0, 3, 24.98, 11613, 155
467, 0, 13, 75, 69, 13, 0.00%, 1, 0, 3, 25.08, 11743, 155
472, 0, 41, 75, 68, 16, 0.00%, 1, 0, 3, 24.41, 11866, 155
477, 0, 41, 75, 68, 16, 0.00%, 1, 0, 3, 24.78, 11990, 155
482, 0, 8, 75, 67, 15, 0.00%, 1, 0, 3, 24.20, 12112, 155
488, 0, 8, 75, 67, 15, 0.00%, 1, 0, 3, 24.83, 12239, 155
493, 0, 1, 75, 66, 14, 0.00%, 1, 0, 3, 24.71, 12365, 155
498, 0, 1, 75, 66, 14, 0.00%, 1, 0, 3, 24.62, 12491, 155
503, 0, 11, 76, 66, 13, 0.00%, 1, 0, 3, 24.42, 12616, 155
508, 0, 11, 76, 66, 13, 0.00%, 1, 0, 3, 24.54, 12741, 155
513, 0, 18, 76, 65, 12, 0.00%, 1, 0, 3, 24.72, 12868, 155
518, 0, 18, 76, 65, 12, 0.00%, 1, 0, 3, 24.84, 12995, 155
523, 0, 58, 76, 64, 11, 0.00%, 1, 0, 3, 24.68, 13121, 155
528, 0, 58, 77, 65, 11, 0.00%, 1, 0, 4, 24.57, 13243, 155
533, 0, 59, 77, 64, 10, 0.00%, 1, 0, 4, 24.76, 13369, 155
539, 0, 59, 78, 65, 10, 0.00%, 1, 0, 4, 24.61, 13494, 155
544, 0, 16, 78, 64, 9, 0.00%, 1, 0, 4, 24.71, 13621, 155
549, 0, 16, 78, 64, 9, 0.00%, 1, 0, 4, 24.65, 13747, 155
554, 0, 29, 79, 64, 8, 0.00%, 1, 0, 4, 24.51, 13872, 155
559, 0, 29, 79, 64, 8, 0.00%, 1, 0, 4, 24.74, 13997, 155
564, 0, 60, 79, 63, 7, 0.00%, 1, 0, 4, 24.72, 14124, 155
569, 0, 60, 81, 65, 7, 0.00%, 1, 0, 4, 24.68, 14247, 155
574, 0, 69, 81, 64, 6, 0.00%, 1, 0, 4, 24.73, 14373, 155
579, 0, 69, 82, 65, 6, 0.00%, 1, 0, 4, 24.63, 14499, 155
585, 0, 69, 82, 65, 6, 0.00%, 1, 0, 4, 25.03, 14630, 155
590, 0, 21, 82, 64, 7, 0.00%, 1, 0, 4, 24.60, 14756, 155
595, 0, 21, 82, 64, 7, 0.00%, 1, 0, 4, 24.72, 14882, 155
598, 0, 81, 82, 63, 6, 0.00%, 1, 0, 4, 24.64, 14957, 155
