# unix_time, cycles_done, cur_path, paths_total, pending_total, pending_favs, map_size, unique_crashes, unique_hangs, max_depth, execs_per_sec
1676217340, 0, 0, 1, 1, 1, 0.18%, 0, 0, 1, 88.89
1676217346, 0, 0, 21, 21, 1, 0.24%, 0, 0, 2, 131.73
1676217351, 0, 0, 24, 24, 1, 0.24%, 0, 0, 2, 140.87
1676217356, 0, 0, 33, 33, 1, 0.25%, 0, 0, 2, 143.14
1676217422, 0, 0, 53, 53, 1, 0.27%, 0, 0, 2, 144.77
1676217427, 0, 0, 54, 54, 1, 0.28%, 0, 0, 2, 145.68
1676217437, 0, 0, 56, 56, 1, 0.28%, 0, 0, 2, 145.70
1676217453, 0, 0, 57, 57, 1, 0.28%, 0, 0, 2, 145.76
1676217587, 0, 0, 58, 58, 1, 0.28%, 0, 0, 2, 145.86
1676217607, 0, 0, 59, 59, 1, 0.28%, 0, 0, 2, 145.59
1676217648, 0, 56, 59, 58, 15, 0.28%, 0, 0, 2, 141.81
1676217689, 0, 56, 59, 58, 15, 0.28%, 1, 0, 2, 140.85
1676217695, 1, 3, 59, 57, 14, 0.28%, 1, 0, 2, 142.55
1676217715, 1, 3, 60, 58, 14, 0.28%, 1, 0, 3, 142.00
1676217725, 1, 52, 60, 57, 13, 0.28%, 1, 0, 3, 141.52
1676217730, 1, 52, 61, 58, 13, 0.28%, 1, 0, 3, 141.66
