# unix_time, cycles_done, cur_path, paths_total, pending_total, pending_favs, map_size, unique_crashes, unique_hangs, max_depth, execs_per_sec
1676018442, 0, 0, 1, 1, 1, 0.07%, 0, 0, 1, 68.38
1676018447, 0, 0, 3, 3, 1, 0.08%, 0, 0, 2, 108.41
1676018458, 0, 0, 8, 8, 1, 0.11%, 0, 0, 2, 110.93
1676018468, 0, 0, 11, 11, 1, 0.13%, 0, 0, 2, 121.31
1676018483, 0, 0, 12, 12, 1, 0.13%, 0, 0, 2, 121.06
1676018488, 0, 0, 13, 13, 1, 0.13%, 0, 0, 2, 121.46
1676018493, 0, 0, 15, 15, 1, 0.13%, 0, 0, 2, 120.61
1676018519, 0, 0, 17, 17, 1, 0.13%, 0, 0, 2, 119.64
1676018524, 0, 0, 18, 18, 1, 0.13%, 0, 0, 2, 119.03
1676018611, 0, 0, 19, 19, 1, 0.13%, 0, 0, 2, 117.07
1676018626, 0, 0, 20, 20, 1, 0.13%, 0, 0, 2, 116.79
1676018672, 0, 0, 21, 21, 1, 0.13%, 0, 0, 2, 121.42
1676018728, 0, 4, 21, 20, 9, 0.13%, 0, 0, 2, 120.71
1676018743, 0, 4, 28, 27, 9, 0.14%, 0, 0, 3, 118.07
1676018794, 0, 4, 29, 28, 9, 0.14%, 0, 0, 3, 116.25
1676019001, 0, 4, 30, 29, 9, 0.14%, 0, 0, 3, 115.94
1676019021, 0, 26, 30, 28, 9, 0.14%, 0, 0, 3, 115.44
