# unix_time, cycles_done, cur_path, paths_total, pending_total, pending_favs, map_size, unique_crashes, unique_hangs, max_depth, execs_per_sec
1676194509, 0, 0, 1, 1, 1, 0.23%, 0, 0, 1, 47.34
1676194515, 0, 0, 14, 14, 1, 0.28%, 0, 0, 2, 58.91
1676194520, 0, 0, 24, 24, 1, 0.29%, 0, 0, 2, 61.08
1676194525, 0, 0, 33, 33, 1, 0.31%, 0, 0, 2, 59.62
1676194530, 0, 0, 39, 39, 1, 0.31%, 0, 0, 2, 61.37
1676194550, 0, 0, 43, 43, 1, 0.33%, 0, 0, 2, 61.33
1676194596, 0, 0, 44, 44, 1, 0.33%, 0, 0, 2, 61.58
1676194622, 0, 0, 45, 45, 1, 0.34%, 0, 0, 2, 60.65
1676194754, 0, 0, 47, 47, 1, 0.35%, 0, 0, 2, 60.28
1676194759, 0, 0, 64, 64, 1, 0.35%, 0, 0, 2, 62.18
1676194765, 0, 0, 77, 77, 1, 0.35%, 0, 0, 2, 61.52
1676194770, 0, 0, 82, 82, 1, 0.35%, 0, 0, 2, 62.23
1676194775, 0, 0, 86, 86, 1, 0.35%, 0, 0, 2, 63.83
1676194790, 0, 0, 86, 86, 1, 0.35%, 1, 0, 2, 62.52
1676194796, 0, 0, 88, 88, 1, 0.35%, 1, 0, 2, 62.85
1676194801, 0, 0, 89, 89, 1, 0.35%, 1, 0, 2, 86.65
1676194806, 0, 0, 90, 90, 1, 0.35%, 1, 0, 2, 123.47
1676194811, 0, 0, 91, 91, 1, 0.35%, 1, 0, 2, 130.19
1676194816, 0, 0, 92, 92, 1, 0.35%, 1, 0, 2, 133.59
1676194826, 0, 0, 93, 93, 1, 0.35%, 1, 0, 2, 132.76
1676194846, 0, 0, 95, 95, 1, 0.35%, 1, 0, 2, 132.50
1676194862, 0, 0, 96, 96, 1, 0.35%, 1, 0, 2, 126.99
1676194908, 0, 31, 96, 95, 13, 0.35%, 1, 0, 2, 129.86
1676194944, 0, 44, 96, 94, 13, 0.35%, 1, 0, 2, 125.51
