# unix_time, cycles_done, cur_path, paths_total, pending_total, pending_favs, map_size, unique_crashes, unique_hangs, max_depth, execs_per_sec
1676143411, 0, 0, 1, 1, 1, 0.16%, 0, 0, 1, 74.07
1676143416, 0, 0, 4, 4, 1, 0.18%, 0, 0, 2, 90.69
1676143427, 0, 0, 6, 6, 1, 0.21%, 0, 0, 2, 95.23
1676143432, 0, 0, 8, 8, 1, 0.26%, 0, 0, 2, 94.79
1676143437, 0, 0, 9, 9, 1, 0.26%, 0, 0, 2, 93.71
1676143447, 0, 0, 10, 10, 1, 0.37%, 0, 0, 2, 104.57
1676143452, 0, 0, 11, 11, 1, 0.39%, 0, 0, 2, 104.10
1676143467, 0, 0, 12, 12, 1, 0.39%, 0, 0, 2, 104.54
1676143503, 0, 0, 13, 13, 1, 0.41%, 0, 0, 2, 104.68
1676143523, 0, 0, 14, 14, 1, 0.41%, 0, 0, 2, 104.88
1676143528, 0, 0, 15, 15, 1, 0.41%, 0, 0, 2, 103.66
1676143553, 0, 0, 16, 16, 1, 0.41%, 0, 0, 2, 104.13
1676143584, 0, 12, 16, 15, 9, 0.41%, 0, 0, 2, 100.92
1676143589, 0, 12, 18, 17, 9, 0.42%, 0, 0, 3, 98.01
1676143599, 0, 12, 29, 28, 9, 0.49%, 0, 0, 3, 96.55
1676143604, 0, 12, 34, 33, 9, 0.50%, 0, 0, 3, 95.83
1676143610, 0, 12, 37, 36, 9, 0.50%, 0, 0, 3, 96.18
1676143615, 0, 12, 39, 38, 9, 0.50%, 0, 0, 3, 95.77
1676143620, 0, 12, 42, 41, 9, 0.50%, 1, 0, 3, 96.08
1676143625, 0, 12, 44, 43, 9, 0.51%, 1, 0, 3, 96.00
1676143630, 0, 12, 45, 44, 9, 0.51%, 1, 0, 3, 92.38
1676143661, 0, 12, 46, 45, 9, 0.51%, 1, 0, 3, 94.16
1676143666, 0, 12, 48, 47, 9, 0.51%, 1, 0, 3, 95.28
1676143671, 0, 12, 49, 48, 9, 0.51%, 1, 0, 3, 96.16
1676143677, 0, 12, 50, 49, 9, 0.51%, 1, 0, 3, 96.00
1676143692, 0, 12, 51, 50, 9, 0.51%, 1, 0, 3, 94.81
1676143702, 0, 12, 54, 53, 9, 0.51%, 1, 0, 3, 95.42
1676143713, 0, 12, 55, 54, 9, 0.51%, 1, 0, 3, 93.99
1676143733, 0, 42, 55, 53, 14, 0.51%, 1, 0, 3, 93.92
1676143743, 0, 42, 56, 54, 14, 0.51%, 1, 0, 4, 93.17
1676143748, 0, 42, 57, 55, 14, 0.51%, 1, 0, 4, 92.96
1676143794, 0, 42, 59, 57, 14, 0.51%, 1, 0, 4, 90.20
1676143948, 0, 43, 59, 56, 13, 0.51%, 1, 0, 4, 93.62
