# unix_time, cycles_done, cur_path, paths_total, pending_total, pending_favs, map_size, unique_crashes, unique_hangs, max_depth, execs_per_sec
1676190396, 0, 0, 1, 1, 1, 0.13%, 0, 0, 1, 45.45
1676190401, 0, 0, 10, 10, 1, 0.18%, 0, 0, 2, 58.72
1676190406, 0, 0, 17, 17, 1, 0.19%, 0, 0, 2, 65.19
1676190412, 0, 0, 18, 18, 1, 0.19%, 0, 0, 2, 65.61
1676190422, 0, 0, 20, 20, 1, 0.20%, 0, 0, 2, 65.64
1676190443, 0, 0, 21, 21, 1, 0.20%, 0, 0, 2, 65.69
1676190468, 0, 0, 22, 22, 1, 0.20%, 0, 0, 2, 80.20
1676190530, 0, 0, 33, 33, 1, 0.23%, 0, 0, 2, 81.89
1676190535, 0, 0, 44, 44, 1, 0.23%, 0, 0, 2, 85.05
1676190540, 0, 0, 48, 48, 1, 0.23%, 0, 0, 2, 83.51
1676190545, 0, 0, 50, 50, 1, 0.23%, 0, 0, 2, 84.95
1676190561, 0, 0, 51, 51, 1, 0.23%, 0, 0, 2, 87.35
1676190566, 0, 0, 53, 53, 1, 0.23%, 0, 0, 2, 83.73
1676190576, 0, 0, 54, 54, 1, 0.23%, 0, 0, 2, 85.35
1676190694, 0, 0, 55, 55, 1, 0.23%, 0, 0, 2, 86.84
1676190725, 0, 14, 55, 54, 12, 0.23%, 0, 0, 2, 86.98
1676190761, 0, 37, 55, 53, 11, 0.23%, 0, 0, 2, 83.86
