# unix_time, cycles_done, cur_path, paths_total, pending_total, pending_favs, map_size, unique_crashes, unique_hangs, max_depth, execs_per_sec
1676172683, 0, 0, 1, 1, 1, 0.18%, 0, 0, 1, 23.05
1676172688, 0, 0, 3, 3, 1, 0.18%, 0, 0, 2, 28.58
1676172693, 0, 0, 4, 4, 1, 0.19%, 0, 0, 2, 29.70
1676172724, 0, 0, 5, 5, 1, 0.20%, 0, 0, 2, 30.55
1676172729, 0, 0, 7, 7, 1, 0.29%, 0, 0, 2, 30.10
1676172734, 0, 0, 8, 8, 1, 0.32%, 0, 0, 2, 30.97
1676172744, 0, 0, 9, 9, 1, 0.38%, 0, 0, 2, 30.99
1676172764, 0, 0, 10, 10, 1, 0.38%, 0, 0, 2, 34.86
1676172780, 0, 0, 11, 11, 1, 0.38%, 0, 0, 2, 34.88
1676172795, 0, 0, 12, 12, 1, 0.38%, 0, 0, 2, 33.61
1676172841, 0, 0, 13, 13, 1, 0.38%, 0, 0, 2, 36.73
1676172851, 0, 0, 14, 14, 1, 0.38%, 0, 0, 2, 36.13
1676172912, 0, 0, 15, 15, 1, 0.44%, 0, 0, 2, 33.20
1676172917, 0, 11, 15, 14, 12, 0.44%, 0, 0, 2, 32.61
1676172953, 0, 11, 18, 17, 12, 0.47%, 0, 0, 3, 34.06
1676172959, 0, 11, 19, 18, 12, 0.48%, 0, 0, 3, 32.85
1676172964, 0, 11, 23, 22, 12, 0.50%, 0, 0, 3, 28.50
1676172974, 0, 11, 24, 23, 12, 0.50%, 0, 0, 3, 27.11
1676172989, 0, 11, 25, 24, 12, 0.50%, 0, 0, 3, 43.36
1676173020, 0, 11, 26, 25, 12, 0.50%, 0, 0, 3, 65.75
1676173025, 0, 11, 27, 26, 12, 0.52%, 0, 0, 3, 65.92
1676173030, 0, 11, 29, 28, 12, 0.52%, 0, 0, 3, 67.16
1676173056, 0, 11, 30, 29, 12, 0.52%, 0, 0, 3, 66.21
1676173066, 0, 11, 31, 30, 12, 0.53%, 0, 0, 3, 68.26
1676173076, 0, 28, 31, 29, 15, 0.53%, 0, 0, 3, 66.50
1676173092, 0, 28, 32, 30, 15, 0.53%, 0, 0, 4, 66.69
1676173122, 0, 28, 32, 30, 15, 0.53%, 1, 0, 4, 69.40
1676173127, 0, 30, 32, 29, 14, 0.53%, 1, 0, 4, 68.95
1676173143, 0, 30, 33, 30, 14, 0.57%, 1, 0, 4, 70.63
1676173153, 0, 30, 34, 31, 14, 0.57%, 1, 0, 4, 70.85
1676173235, 0, 30, 35, 32, 14, 0.57%, 1, 0, 4, 74.46
1676173240, 0, 30, 37, 34, 14, 0.57%, 1, 0, 4, 74.98
1676173245, 0, 30, 40, 37, 14, 0.57%, 1, 0, 4, 74.91
1676173251, 0, 30, 41, 38, 14, 0.57%, 1, 0, 4, 74.52
1676173261, 0, 30, 42, 39, 14, 0.57%, 1, 0, 4, 75.24
1676173271, 0, 30, 44, 41, 14, 0.57%, 1, 0, 4, 75.23
