# unix_time, cycles_done, cur_path, paths_total, pending_total, pending_favs, map_size, unique_crashes, unique_hangs, max_depth, execs_per_sec
1676202216, 0, 0, 1, 1, 1, 0.12%, 0, 0, 1, 83.33
1676202221, 0, 0, 19, 19, 1, 0.16%, 0, 0, 2, 134.81
1676202226, 0, 0, 22, 22, 1, 0.18%, 0, 0, 2, 145.48
1676202231, 0, 0, 24, 24, 1, 0.18%, 0, 0, 2, 148.08
1676202241, 0, 0, 25, 25, 1, 0.18%, 0, 0, 2, 147.93
1676202272, 0, 0, 58, 58, 1, 0.22%, 0, 0, 2, 150.47
1676202277, 0, 0, 66, 66, 1, 0.22%, 0, 0, 2, 151.84
1676202282, 0, 0, 75, 75, 1, 0.22%, 0, 0, 2, 151.38
1676203207, 0, 0, 79, 79, 1, 0.22%, 0, 0, 2, 0.03
1676203212, 0, 0, 80, 80, 1, 0.22%, 0, 0, 2, 152.33
1676203217, 0, 0, 81, 81, 1, 0.22%, 0, 0, 2, 152.28
1676204236, 0, 0, 82, 82, 1, 0.22%, 0, 0, 2, 0.02
1676204241, 0, 0, 83, 83, 1, 0.23%, 0, 0, 2, 151.95
1676204247, 0, 0, 84, 84, 1, 0.23%, 0, 0, 2, 152.42
1676204262, 0, 0, 85, 85, 1, 0.23%, 0, 0, 2, 152.83
1676205248, 0, 0, 86, 86, 1, 0.23%, 0, 0, 2, 152.47
1676205273, 0, 0, 87, 87, 1, 0.23%, 0, 0, 2, 152.80
1676205320, 0, 82, 88, 87, 17, 0.23%, 0, 0, 3, 149.66
1676205325, 0, 82, 90, 89, 17, 0.23%, 0, 0, 3, 149.35
1676205335, 0, 82, 91, 90, 17, 0.23%, 0, 0, 3, 149.63
1676205376, 0, 82, 92, 91, 17, 0.23%, 0, 0, 3, 147.10
1676205381, 0, 82, 93, 92, 17, 0.23%, 0, 0, 3, 147.01
1676205391, 0, 82, 95, 94, 17, 0.23%, 0, 0, 3, 146.11
1676205396, 0, 82, 97, 96, 17, 0.23%, 0, 0, 3, 145.65
1676205401, 0, 82, 99, 98, 17, 0.23%, 0, 0, 3, 146.63
