# unix_time, cycles_done, cur_path, paths_total, pending_total, pending_favs, map_size, unique_crashes, unique_hangs, max_depth, execs_per_sec
1676170882, 0, 0, 1, 1, 1, 0.14%, 0, 0, 1, 70.18
1676170887, 0, 0, 4, 4, 1, 0.15%, 0, 0, 2, 84.00
1676170897, 0, 0, 6, 6, 1, 0.17%, 0, 0, 2, 86.54
1676170902, 0, 0, 7, 7, 1, 0.20%, 0, 0, 2, 86.70
1676170913, 0, 0, 8, 8, 1, 0.22%, 0, 0, 2, 86.18
1676170918, 0, 0, 10, 10, 1, 0.29%, 0, 0, 2, 84.73
1676170923, 0, 0, 12, 12, 1, 0.30%, 0, 0, 2, 86.73
1676170928, 0, 0, 13, 13, 1, 0.30%, 0, 0, 2, 88.04
1676170938, 0, 0, 14, 14, 1, 0.30%, 0, 0, 2, 84.23
1676170954, 0, 0, 15, 15, 1, 0.32%, 0, 0, 2, 88.49
1676170974, 0, 0, 16, 16, 1, 0.32%, 0, 0, 2, 83.54
1676170990, 0, 0, 17, 17, 1, 0.32%, 0, 0, 2, 75.67
1676171041, 0, 0, 19, 19, 1, 0.33%, 0, 0, 2, 82.24
1676171072, 0, 0, 20, 20, 1, 0.35%, 0, 0, 2, 75.48
1676171098, 0, 19, 21, 20, 11, 0.35%, 0, 0, 3, 79.42
1676171103, 0, 19, 24, 23, 11, 0.35%, 0, 0, 3, 78.49
1676171124, 0, 19, 25, 24, 11, 0.35%, 0, 0, 3, 80.86
1676171232, 0, 19, 27, 26, 11, 0.35%, 1, 0, 3, 81.89
1676171242, 0, 19, 28, 27, 11, 0.35%, 1, 0, 3, 80.81
1676171263, 0, 19, 29, 28, 11, 0.35%, 1, 0, 3, 78.43
1676171273, 0, 19, 30, 29, 11, 0.35%, 1, 0, 3, 81.09
1676171304, 0, 19, 31, 30, 11, 0.35%, 1, 0, 3, 79.46
1676171309, 0, 19, 32, 31, 11, 0.35%, 1, 0, 3, 82.14
1676171314, 0, 19, 33, 32, 11, 0.35%, 1, 0, 3, 82.15
1676171350, 0, 19, 34, 33, 11, 0.36%, 1, 0, 3, 81.21
1676171386, 0, 31, 36, 34, 14, 0.36%, 1, 0, 4, 78.53
1676171392, 0, 31, 37, 35, 14, 0.37%, 1, 0, 4, 78.89
1676171407, 0, 31, 38, 36, 14, 0.38%, 1, 0, 4, 80.53
1676171423, 0, 31, 39, 37, 14, 0.38%, 1, 0, 4, 71.49
