# unix_time, cycles_done, cur_path, paths_total, pending_total, pending_favs, map_size, unique_crashes, unique_hangs, max_depth, execs_per_sec
1676027327, 0, 0, 1, 1, 1, 0.08%, 0, 0, 1, 88.89
1676027332, 0, 0, 3, 3, 1, 0.09%, 0, 0, 2, 118.11
1676027337, 0, 0, 5, 5, 1, 0.10%, 0, 0, 2, 124.01
1676027352, 0, 0, 6, 6, 1, 0.10%, 0, 0, 2, 125.89
1676027368, 0, 0, 7, 7, 1, 0.11%, 0, 0, 2, 125.69
1676027446, 0, 0, 9, 9, 1, 0.12%, 0, 0, 2, 124.88
1676027482, 0, 0, 10, 10, 1, 0.12%, 0, 0, 2, 125.60
1676027487, 0, 0, 11, 11, 1, 0.12%, 0, 0, 2, 125.58
1676027497, 0, 0, 12, 12, 1, 0.13%, 0, 0, 2, 122.87
1676028451, 0, 0, 13, 13, 1, 0.13%, 0, 0, 2, 124.99
1676029466, 0, 8, 14, 13, 10, 0.13%, 0, 0, 3, 122.93
1676029471, 0, 8, 22, 21, 10, 0.13%, 0, 0, 3, 122.85
1676029476, 0, 8, 23, 22, 10, 0.13%, 0, 0, 3, 122.54
1676029481, 0, 8, 25, 24, 10, 0.14%, 1, 0, 3, 122.72
1676029486, 0, 8, 27, 26, 10, 0.14%, 1, 0, 3, 122.28
1676029527, 0, 8, 28, 27, 10, 0.14%, 1, 0, 3, 122.29
1676029562, 0, 8, 29, 28, 10, 0.14%, 1, 0, 3, 120.31
1676029583, 0, 8, 30, 29, 10, 0.14%, 1, 0, 3, 120.23
1676029746, 0, 24, 30, 28, 9, 0.14%, 1, 0, 3, 114.41
1676029762, 0, 29, 30, 27, 8, 0.14%, 1, 0, 3, 115.05
1676029767, 0, 29, 31, 28, 8, 0.14%, 1, 0, 4, 124.65
