# unix_time, cycles_done, cur_path, paths_total, pending_total, pending_favs, map_size, unique_crashes, unique_hangs, max_depth, execs_per_sec
1676155570, 0, 0, 1, 1, 1, 0.09%, 0, 0, 1, 33.33
1676155575, 0, 0, 3, 3, 1, 0.10%, 0, 0, 2, 36.24
1676155606, 0, 0, 5, 5, 1, 0.11%, 0, 0, 2, 34.84
1676155611, 0, 0, 6, 6, 1, 0.12%, 0, 0, 2, 36.94
1676155616, 0, 0, 8, 8, 1, 0.13%, 0, 0, 2, 40.84
1676155621, 0, 0, 9, 9, 1, 0.14%, 0, 0, 2, 45.56
1676155631, 0, 0, 11, 11, 1, 0.14%, 0, 0, 2, 43.52
1676155948, 0, 0, 14, 14, 1, 0.16%, 0, 0, 2, 41.71
1676155958, 0, 0, 16, 16, 1, 0.16%, 0, 0, 2, 38.59
1676156646, 0, 0, 17, 17, 1, 0.16%, 0, 0, 2, 49.22
1676156651, 0, 0, 18, 18, 1, 0.16%, 0, 0, 2, 48.96
1676156661, 0, 0, 19, 19, 1, 0.16%, 0, 0, 2, 58.58
1676156686, 0, 0, 20, 20, 1, 0.16%, 0, 0, 2, 47.08
1676156697, 0, 0, 21, 21, 1, 0.16%, 0, 0, 2, 47.35
1676156707, 0, 5, 21, 20, 10, 0.16%, 0, 0, 2, 47.16
1676156732, 0, 5, 26, 25, 10, 0.16%, 0, 0, 3, 45.40
1676156737, 0, 5, 29, 28, 10, 0.16%, 0, 0, 3, 46.68
1676156742, 0, 5, 30, 29, 10, 0.16%, 0, 0, 3, 45.22
1676156747, 0, 5, 32, 31, 10, 0.16%, 0, 0, 3, 46.53
1676156762, 0, 5, 33, 32, 10, 0.16%, 0, 0, 3, 45.02
1676156767, 0, 5, 34, 33, 10, 0.17%, 0, 0, 3, 46.41
1676156773, 0, 5, 36, 35, 10, 0.17%, 0, 0, 3, 48.08
1676156788, 0, 5, 37, 36, 10, 0.17%, 0, 0, 3, 45.98
1676156808, 0, 5, 38, 37, 10, 0.17%, 0, 0, 3, 46.60
1676156833, 0, 5, 40, 39, 10, 0.17%, 0, 0, 3, 46.57
1676156874, 0, 33, 41, 39, 9, 0.17%, 0, 0, 4, 45.60
1676156879, 0, 33, 42, 40, 9, 0.17%, 0, 0, 4, 45.82
1676156884, 0, 33, 43, 41, 9, 0.18%, 0, 0, 4, 45.99
1676156899, 0, 33, 44, 42, 9, 0.18%, 0, 0, 4, 45.75
