# relative_time, cycles_done, cur_item, corpus_count, pending_total, pending_favs, map_size, saved_crashes, saved_hangs, max_depth, execs_per_sec, total_execs, edges_found
62, 0, 0, 13, 13, 1, 0.00%, 0, 0, 2, 21.77, 1335, 142
67, 0, 0, 13, 13, 1, 0.00%, 0, 0, 2, 21.78, 1445, 142
72, 0, 0, 14, 14, 1, 0.00%, 0, 0, 2, 21.66, 1554, 145
77, 0, 0, 14, 14, 1, 0.00%, 0, 0, 2, 21.11, 1665, 145
82, 0, 0, 14, 14, 1, 0.00%, 0, 0, 2, 21.72, 1775, 145
87, 0, 0, 14, 14, 1, 0.00%, 0, 0, 2, 21.70, 1885, 145
92, 0, 0, 14, 14, 1, 0.00%, 0, 0, 2, 21.61, 1994, 145
98, 0, 0, 14, 14, 1, 0.00%, 0, 0, 2, 21.26, 2103, 145
103, 0, 0, 14, 14, 1, 0.00%, 0, 0, 2, 21.82, 2213, 145
108, 0, 0, 14, 14, 1, 0.00%, 0, 0, 2, 21.87, 2323, 145
113, 0, 0, 14, 14, 1, 0.00%, 0, 0, 2, 21.96, 2438, 145
118, 0, 0, 14, 14, 1, 0.00%, 0, 0, 2, 21.88, 2552, 145
123, 0, 0, 15, 15, 1, 0.00%, 0, 0, 2, 21.52, 2661, 146
128, 0, 0, 15, 15, 1, 0.00%, 0, 0, 2, 21.59, 2770, 146
133, 0, 0, 15, 15, 1, 0.00%, 0, 0, 2, 21.62, 2879, 146
138, 0, 0, 15, 15, 1, 0.00%, 0, 0, 2, 21.71, 2988, 146
143, 0, 0, 15, 15, 1, 0.00%, 0, 0, 2, 21.81, 3098, 146
149, 0, 0, 15, 15, 1, 0.00%, 0, 0, 2, 21.72, 3211, 146
154, 0, 0, 15, 15, 1, 0.00%, 0, 0, 2, 21.82, 3321, 146
159, 0, 0, 16, 16, 1, 0.00%, 0, 0, 2, 21.52, 3439, 146
164, 0, 0, 16, 16, 1, 0.00%, 0, 0, 2, 21.40, 3548, 146
169, 0, 0, 16, 16, 1, 0.00%, 0, 0, 2, 21.70, 3658, 146
174, 0, 0, 16, 16, 1, 0.00%, 0, 0, 2, 21.73, 3767, 146
179, 0, 0, 16, 16, 1, 0.00%, 0, 0, 2, 21.72, 3876, 146
184, 0, 0, 16, 16, 1, 0.00%, 0, 0, 2, 21.72, 3985, 146
189, 0, 0, 16, 16, 1, 0.00%, 0, 0, 2, 21.78, 4095, 146
194, 0, 0, 17, 17, 1, 0.00%, 0, 0, 2, 21.66, 4202, 148
199, 0, 0, 17, 17, 1, 0.00%, 0, 0, 2, 20.56, 4308, 148
205, 0, 0, 17, 17, 1, 0.00%, 0, 0, 2, 20.34, 4407, 148
210, 0, 0, 19, 19, 1, 0.00%, 0, 0, 2, 20.29, 4508, 150
215, 0, 0, 19, 19, 1, 0.00%, 0, 0, 2, 19.76, 4608, 150
220, 0, 0, 19, 19, 1, 0.00%, 0, 0, 2, 19.69, 4708, 150
225, 0, 0, 20, 20, 1, 0.00%, 0, 0, 2, 20.81, 4815, 151
230, 0, 0, 20, 20, 1, 0.00%, 0, 0, 2, 16.49, 4900, 151
235, 0, 0, 20, 20, 1, 0.00%, 0, 0, 2, 16.32, 4973, 151
240, 0, 0, 20, 20, 1, 0.00%, 0, 0, 2, 18.13, 5069, 151
246, 0, 0, 20, 20, 1, 0.00%, 0, 0, 2, 18.60, 5167, 151
251, 0, 0, 20, 20, 1, 0.00%, 0, 0, 2, 18.65, 5261, 151
256, 0, 0, 20, 20, 1, 0.00%, 0, 0, 2, 20.09, 5366, 151
261, 0, 0, 21, 21, 1, 0.00%, 0, 0, 2, 20.94, 5475, 151
266, 0, 0, 21, 21, 1, 0.00%, 0, 0, 2, 21.13, 5584, 151
271, 0, 0, 21, 21, 1, 0.00%, 0, 0, 2, 21.34, 5694, 151
276, 0, 0, 21, 21, 1, 0.00%, 0, 0, 2, 21.20, 5802, 151
281, 0, 0, 21, 21, 1, 0.00%, 0, 0, 2, 21.37, 5911, 151
287, 0, 0, 21, 21, 1, 0.00%, 0, 0, 2, 21.44, 6021, 151
292, 0, 0, 22, 22, 1, 0.00%, 0, 0, 2, 20.49, 6128, 153
297, 0, 0, 22, 22, 1, 0.00%, 0, 0, 2, 21.21, 6238, 153
302, 0, 0, 22, 22, 1, 0.00%, 0, 0, 2, 13.51, 6334, 153
307, 0, 0, 22, 22, 1, 0.00%, 0, 0, 2, 17.35, 6424, 153
312, 0, 0, 22, 22, 1, 0.00%, 0, 0, 2, 19.28, 6526, 153
317, 0, 0, 22, 22, 1, 0.00%, 0, 0, 2, 18.15, 6614, 153
323, 0, 0, 23, 23, 1, 0.00%, 0, 0, 2, 18.86, 6715, 154
328, 0, 0, 24, 24, 1, 0.00%, 0, 0, 2, 18.50, 6805, 155
333, 0, 0, 24, 24, 1, 0.00%, 0, 0, 2, 3.86, 6857, 155
339, 0, 0, 26, 26, 1, 0.00%, 0, 0, 2, 3.86, 6880, 159
344, 0, 0, 27, 27, 1, 0.00%, 0, 0, 2, 3.97, 6900, 161
349, 0, 0, 27, 27, 1, 0.00%, 0, 0, 2, 4.19, 6922, 161
354, 0, 0, 27, 27, 1, 0.00%, 0, 0, 2, 4.18, 6943, 161
359, 0, 0, 27, 27, 1, 0.00%, 0, 0, 2, 4.16, 6964, 161
364, 0, 0, 27, 27, 1, 0.00%, 0, 0, 2, 4.10, 6985, 161
370, 0, 0, 27, 27, 1, 0.00%, 0, 0, 2, 4.19, 7007, 161
375, 0, 0, 27, 27, 1, 0.00%, 0, 0, 2, 4.22, 7029, 161
380, 0, 0, 28, 28, 1, 0.00%, 0, 0, 2, 4.23, 7050, 161
385, 0, 1, 28, 27, 20, 0.00%, 0, 0, 2, 4.20, 7070, 161
390, 0, 1, 28, 27, 20, 0.00%, 0, 0, 2, 4.01, 7090, 161
396, 0, 4, 28, 26, 19, 0.00%, 0, 0, 2, 3.62, 7109, 161
401, 0, 4, 28, 26, 19, 0.00%, 0, 0, 2, 3.70, 7128, 161
406, 0, 4, 28, 26, 19, 0.00%, 0, 0, 2, 4.06, 7149, 161
411, 0, 4, 28, 26, 19, 0.00%, 0, 0, 2, 4.09, 7169, 161
416, 0, 4, 28, 26, 19, 0.00%, 0, 0, 2, 4.25, 7191, 161
421, 0, 4, 28, 26, 19, 0.00%, 0, 0, 2, 4.16, 7212, 161
426, 0, 4, 28, 26, 19, 0.00%, 0, 0, 2, 4.17, 7233, 161
431, 0, 4, 28, 26, 19, 0.00%, 0, 0, 2, 4.29, 7255, 161
437, 0, 4, 28, 26, 19, 0.00%, 0, 0, 2, 3.97, 7275, 161
442, 0, 4, 28, 26, 19, 0.00%, 0, 0, 2, 3.93, 7295, 161
447, 0, 4, 28, 26, 19, 0.00%, 0, 0, 2, 4.11, 7317, 161
452, 0, 12, 28, 25, 18, 0.00%, 0, 0, 2, 5.35, 7347, 161
457, 0, 12, 29, 26, 18, 0.00%, 0, 0, 3, 5.51, 7374, 163
463, 0, 12, 29, 26, 18, 0.00%, 0, 0, 3, 6.20, 7408, 163
468, 0, 12, 29, 26, 18, 0.00%, 0, 0, 3, 5.10, 7434, 163
473, 0, 12, 29, 26, 18, 0.00%, 0, 0, 3, 4.45, 7455, 163
478, 0, 12, 29, 26, 18, 0.00%, 0, 0, 3, 4.32, 7477, 163
483, 0, 12, 29, 26, 18, 0.00%, 0, 0, 3, 4.14, 7498, 163
489, 0, 12, 30, 27, 18, 0.00%, 0, 0, 3, 4.18, 7522, 165
494, 0, 12, 30, 27, 18, 0.00%, 1, 0, 3, 4.22, 7543, 165
499, 0, 12, 30, 27, 18, 0.00%, 1, 0, 3, 4.27, 7565, 165
504, 0, 12, 30, 27, 18, 0.00%, 1, 0, 3, 4.28, 7587, 165
509, 0, 12, 30, 27, 18, 0.00%, 1, 0, 3, 4.19, 7608, 165
515, 0, 13, 30, 26, 17, 0.00%, 1, 0, 3, 3.95, 7627, 165
520, 0, 13, 30, 26, 17, 0.00%, 1, 0, 3, 4.17, 7648, 165
525, 0, 13, 30, 26, 17, 0.00%, 1, 0, 3, 4.18, 7669, 165
530, 0, 13, 30, 26, 17, 0.00%, 1, 0, 3, 4.22, 7691, 165
535, 0, 13, 30, 26, 17, 0.00%, 1, 0, 3, 4.19, 7712, 165
540, 0, 13, 30, 26, 17, 0.00%, 1, 0, 3, 4.23, 7734, 165
545, 0, 13, 30, 26, 17, 0.00%, 1, 0, 3, 4.20, 7755, 165
550, 0, 13, 30, 26, 17, 0.00%, 1, 0, 3, 4.21, 7776, 165
555, 0, 13, 30, 26, 17, 0.00%, 1, 0, 3, 4.29, 7798, 165
560, 0, 13, 30, 26, 17, 0.00%, 1, 0, 3, 4.23, 7819, 165
566, 0, 13, 30, 26, 17, 0.00%, 1, 0, 3, 4.13, 7840, 165
571, 0, 13, 30, 26, 17, 0.00%, 1, 0, 3, 3.89, 7859, 165
576, 0, 23, 30, 25, 16, 0.00%, 1, 0, 3, 4.02, 7878, 165
581, 0, 23, 31, 26, 16, 0.00%, 1, 0, 3, 6.11, 7913, 165
586, 0, 23, 31, 26, 16, 0.00%, 1, 0, 3, 6.97, 7951, 165
591, 0, 23, 31, 26, 16, 0.00%, 1, 0, 3, 7.15, 7989, 165
597, 0, 23, 31, 26, 16, 0.00%, 1, 0, 3, 6.99, 8025, 165
598, 0, 23, 31, 26, 16, 0.00%, 1, 0, 3, 0.00, 8033, 165
