# unix_time, cycles_done, cur_path, paths_total, pending_total, pending_favs, map_size, unique_crashes, unique_hangs, max_depth, execs_per_sec
1676161554, 0, 0, 1, 1, 1, 0.10%, 0, 0, 1, 32.52
1676161559, 0, 0, 4, 4, 1, 0.12%, 0, 0, 2, 38.89
1676161590, 0, 0, 6, 6, 1, 0.14%, 0, 0, 2, 39.82
1676161605, 0, 5, 6, 5, 4, 0.14%, 0, 0, 2, 39.56
1676161646, 0, 5, 9, 8, 4, 0.18%, 0, 0, 3, 38.96
1676161651, 0, 5, 15, 14, 4, 0.23%, 0, 0, 3, 38.07
1676161666, 0, 5, 16, 15, 4, 0.24%, 0, 0, 3, 37.88
1676161676, 0, 5, 17, 16, 4, 0.24%, 0, 0, 3, 37.65
1676161681, 0, 5, 18, 17, 4, 0.24%, 0, 0, 3, 37.61
1676161686, 0, 5, 19, 18, 4, 0.24%, 0, 0, 3, 49.29
1676161702, 0, 5, 20, 19, 4, 0.24%, 0, 0, 3, 37.86
1676161825, 0, 15, 21, 19, 11, 0.24%, 0, 0, 4, 35.55
1676162891, 0, 15, 23, 21, 11, 0.24%, 0, 0, 4, 44.13
1676162911, 0, 21, 23, 20, 11, 0.24%, 0, 0, 4, 43.95
1676164870, 0, 21, 24, 21, 11, 0.24%, 0, 0, 5, 39.19
1676164876, 0, 21, 25, 22, 11, 0.24%, 0, 0, 5, 44.14
1676164886, 0, 21, 27, 24, 11, 0.25%, 0, 0, 5, 44.43
1676165959, 0, 21, 28, 25, 11, 0.25%, 0, 0, 5, 44.56
1676165980, 0, 21, 29, 26, 11, 0.25%, 0, 0, 5, 54.29
1676165990, 0, 21, 30, 27, 11, 0.25%, 0, 0, 5, 46.33
1676165995, 0, 26, 30, 26, 12, 0.25%, 0, 0, 5, 46.47
1676166071, 0, 26, 33, 29, 12, 0.27%, 0, 0, 6, 52.44
