# unix_time, cycles_done, cur_path, paths_total, pending_total, pending_favs, map_size, unique_crashes, unique_hangs, max_depth, execs_per_sec
1676201766, 0, 0, 1, 1, 1, 0.11%, 0, 0, 1, 90.91
1676201771, 0, 0, 11, 11, 1, 0.16%, 0, 0, 2, 137.48
1676201776, 0, 0, 13, 13, 1, 0.17%, 0, 0, 2, 147.19
1676201781, 0, 0, 14, 14, 1, 0.17%, 0, 0, 2, 149.37
1676201791, 0, 0, 15, 15, 1, 0.17%, 0, 0, 2, 148.68
1676201822, 0, 0, 49, 49, 1, 0.21%, 0, 0, 2, 149.63
1676201827, 0, 0, 57, 57, 1, 0.22%, 0, 0, 2, 150.77
1676201832, 0, 0, 60, 60, 1, 0.22%, 0, 0, 2, 151.18
1676201837, 0, 0, 64, 64, 1, 0.22%, 0, 0, 2, 150.82
1676201842, 0, 0, 67, 67, 1, 0.22%, 0, 0, 2, 151.04
1676201852, 0, 0, 70, 70, 1, 0.22%, 0, 0, 2, 150.71
1676201862, 0, 0, 71, 71, 1, 0.22%, 0, 0, 2, 151.20
1676201868, 0, 0, 72, 72, 1, 0.22%, 0, 0, 2, 150.88
1676201893, 0, 0, 73, 73, 1, 0.22%, 0, 0, 2, 151.56
1676201924, 0, 0, 74, 74, 1, 0.22%, 0, 0, 2, 150.26
1676201945, 0, 0, 75, 75, 1, 0.22%, 0, 0, 2, 151.01
1676201981, 0, 0, 76, 76, 1, 0.22%, 0, 0, 2, 151.19
1676202037, 0, 58, 76, 75, 19, 0.22%, 0, 0, 2, 150.10
1676202109, 0, 58, 77, 76, 19, 0.22%, 0, 0, 3, 144.91
1676202114, 0, 58, 81, 80, 19, 0.22%, 0, 0, 3, 144.74
1676202119, 0, 58, 83, 82, 19, 0.22%, 0, 0, 3, 144.75
1676202124, 0, 58, 84, 83, 19, 0.22%, 0, 0, 3, 144.58
1676202129, 0, 58, 85, 84, 19, 0.22%, 0, 0, 3, 144.69
1676202145, 0, 58, 86, 85, 19, 0.22%, 0, 0, 3, 144.61
1676202166, 0, 58, 87, 86, 19, 0.22%, 0, 0, 3, 144.67
