# relative_time, cycles_done, cur_item, corpus_count, pending_total, pending_favs, map_size, saved_crashes, saved_hangs, max_depth, execs_per_sec, total_execs, edges_found
61, 0, 0, 9, 9, 1, 0.00%, 0, 0, 2, 24.33, 1519, 123
66, 0, 0, 9, 9, 1, 0.00%, 0, 0, 2, 24.64, 1644, 123
71, 0, 0, 9, 9, 1, 0.00%, 0, 0, 2, 24.71, 1769, 123
77, 0, 0, 10, 10, 1, 0.00%, 0, 0, 2, 24.59, 1892, 127
82, 0, 0, 11, 11, 1, 0.00%, 0, 0, 2, 24.45, 2017, 129
87, 0, 0, 11, 11, 1, 0.00%, 0, 0, 2, 24.63, 2142, 129
92, 0, 0, 11, 11, 1, 0.00%, 0, 0, 2, 24.63, 2267, 129
97, 0, 0, 13, 13, 1, 0.00%, 0, 0, 2, 24.27, 2390, 140
102, 0, 0, 14, 14, 1, 0.00%, 0, 0, 2, 24.47, 2514, 141
107, 0, 0, 14, 14, 1, 0.00%, 0, 0, 2, 24.64, 2641, 141
112, 0, 0, 14, 14, 1, 0.00%, 0, 0, 2, 24.65, 2766, 141
117, 0, 0, 14, 14, 1, 0.00%, 0, 0, 2, 24.74, 2891, 141
122, 0, 0, 14, 14, 1, 0.00%, 0, 0, 2, 24.55, 3016, 141
128, 0, 0, 14, 14, 1, 0.00%, 0, 0, 2, 24.59, 3141, 141
133, 0, 0, 15, 15, 1, 0.00%, 0, 0, 2, 24.47, 3266, 143
138, 0, 0, 15, 15, 1, 0.00%, 0, 0, 2, 24.62, 3391, 143
143, 0, 0, 16, 16, 1, 0.00%, 0, 0, 2, 24.56, 3514, 144
148, 0, 0, 16, 16, 1, 0.00%, 0, 0, 2, 24.61, 3640, 144
153, 0, 0, 17, 17, 1, 0.00%, 0, 0, 2, 24.52, 3763, 145
158, 0, 0, 17, 17, 1, 0.00%, 0, 0, 2, 24.62, 3888, 145
163, 0, 0, 19, 19, 1, 0.00%, 0, 0, 2, 24.35, 4010, 150
168, 0, 0, 19, 19, 1, 0.00%, 0, 0, 2, 24.57, 4136, 150
173, 0, 0, 19, 19, 1, 0.00%, 0, 0, 2, 24.58, 4261, 150
179, 0, 0, 19, 19, 1, 0.00%, 0, 0, 2, 24.53, 4388, 150
184, 0, 0, 19, 19, 1, 0.00%, 0, 0, 2, 24.63, 4516, 150
189, 0, 0, 19, 19, 1, 0.00%, 0, 0, 2, 24.69, 4643, 150
194, 0, 0, 19, 19, 1, 0.00%, 0, 0, 2, 24.49, 4768, 150
199, 0, 0, 20, 20, 1, 0.00%, 0, 0, 2, 24.56, 4891, 150
204, 0, 0, 21, 21, 1, 0.00%, 0, 0, 2, 24.30, 5015, 150
209, 0, 0, 21, 21, 1, 0.00%, 0, 0, 2, 24.50, 5141, 150
215, 0, 0, 21, 21, 1, 0.00%, 0, 0, 2, 24.65, 5269, 150
220, 0, 0, 21, 21, 1, 0.00%, 0, 0, 2, 24.57, 5397, 150
225, 0, 0, 21, 21, 1, 0.00%, 0, 0, 2, 24.70, 5521, 150
230, 0, 0, 21, 21, 1, 0.00%, 0, 0, 2, 24.70, 5648, 150
235, 0, 0, 21, 21, 1, 0.00%, 0, 0, 2, 24.69, 5775, 150
240, 0, 0, 21, 21, 1, 0.00%, 0, 0, 2, 24.36, 5900, 150
245, 0, 0, 21, 21, 1, 0.00%, 0, 0, 2, 24.57, 6025, 150
250, 0, 0, 21, 21, 1, 0.00%, 0, 0, 2, 24.58, 6150, 150
255, 0, 0, 21, 21, 1, 0.00%, 0, 0, 2, 24.57, 6275, 150
261, 0, 0, 21, 21, 1, 0.00%, 0, 0, 2, 24.65, 6400, 150
266, 0, 0, 21, 21, 1, 0.00%, 0, 0, 2, 24.68, 6526, 150
271, 0, 0, 22, 22, 1, 0.00%, 0, 0, 2, 24.19, 6651, 150
276, 0, 0, 25, 25, 1, 0.00%, 0, 0, 2, 23.47, 6776, 153
281, 0, 0, 34, 34, 1, 0.00%, 0, 0, 2, 22.69, 6883, 155
287, 0, 0, 39, 39, 1, 0.00%, 0, 0, 2, 23.13, 7005, 155
292, 0, 0, 43, 43, 1, 0.00%, 0, 0, 2, 23.33, 7123, 157
297, 0, 0, 45, 45, 1, 0.00%, 0, 0, 2, 24.23, 7247, 157
302, 0, 0, 48, 48, 1, 0.00%, 0, 0, 2, 23.73, 7372, 157
307, 0, 0, 49, 49, 1, 0.00%, 0, 0, 2, 23.91, 7492, 157
312, 0, 0, 49, 49, 1, 0.00%, 0, 0, 2, 24.35, 7617, 157
318, 0, 0, 49, 49, 1, 0.00%, 0, 0, 2, 24.38, 7742, 157
323, 0, 0, 49, 49, 1, 0.00%, 0, 0, 2, 24.38, 7868, 157
328, 0, 0, 49, 49, 1, 0.00%, 0, 0, 2, 24.33, 7993, 157
333, 0, 0, 49, 49, 1, 0.00%, 0, 0, 2, 24.52, 8118, 157
338, 0, 0, 49, 49, 1, 0.00%, 0, 0, 2, 24.42, 8243, 157
343, 0, 0, 49, 49, 1, 0.00%, 0, 0, 2, 24.38, 8368, 157
348, 0, 0, 49, 49, 1, 0.00%, 0, 0, 2, 24.57, 8493, 157
353, 0, 0, 49, 49, 1, 0.00%, 0, 0, 2, 24.41, 8618, 157
359, 0, 32, 49, 48, 20, 0.00%, 0, 0, 2, 24.26, 8742, 157
364, 0, 32, 50, 49, 20, 0.00%, 0, 0, 3, 24.21, 8862, 157
369, 0, 1, 50, 48, 19, 0.00%, 0, 0, 3, 24.37, 8987, 157
374, 0, 1, 54, 52, 19, 0.00%, 0, 0, 3, 23.57, 9112, 161
380, 0, 1, 58, 56, 19, 0.00%, 0, 0, 3, 23.70, 9237, 164
385, 0, 1, 61, 59, 19, 0.00%, 0, 0, 3, 23.83, 9355, 164
390, 0, 1, 64, 62, 19, 0.00%, 0, 0, 3, 23.90, 9475, 165
395, 0, 1, 68, 66, 19, 0.00%, 0, 0, 3, 23.62, 9594, 165
400, 0, 1, 72, 70, 19, 0.00%, 0, 0, 3, 23.59, 9710, 165
405, 0, 1, 74, 72, 19, 0.00%, 0, 0, 3, 24.36, 9834, 165
410, 0, 1, 77, 75, 19, 0.00%, 0, 0, 3, 24.00, 9954, 165
415, 0, 1, 81, 79, 19, 0.00%, 0, 0, 3, 23.73, 10070, 165
420, 0, 1, 81, 79, 19, 0.00%, 0, 0, 3, 24.23, 10195, 165
426, 0, 1, 81, 79, 19, 0.00%, 0, 0, 3, 24.28, 10320, 165
431, 0, 1, 83, 81, 19, 0.00%, 0, 0, 3, 23.98, 10442, 165
436, 0, 1, 84, 82, 19, 0.00%, 0, 0, 3, 24.19, 10563, 165
441, 0, 1, 84, 82, 19, 0.00%, 0, 0, 3, 24.34, 10688, 165
446, 0, 1, 85, 83, 19, 0.00%, 0, 0, 3, 24.04, 10815, 165
451, 0, 1, 86, 84, 19, 0.00%, 0, 0, 3, 24.17, 10936, 165
456, 0, 14, 87, 84, 22, 0.00%, 0, 0, 3, 23.91, 11055, 167
461, 0, 14, 88, 85, 22, 0.00%, 0, 0, 3, 23.94, 11177, 169
467, 0, 4, 88, 84, 23, 0.00%, 1, 0, 3, 23.99, 11297, 169
472, 0, 4, 88, 84, 23, 0.00%, 1, 0, 3, 24.46, 11422, 169
477, 0, 5, 89, 84, 22, 0.00%, 1, 0, 3, 24.54, 11544, 169
482, 0, 5, 89, 84, 22, 0.00%, 1, 0, 3, 24.28, 11669, 169
487, 0, 50, 90, 84, 21, 0.00%, 1, 0, 3, 24.25, 11790, 169
492, 0, 50, 90, 84, 21, 0.00%, 1, 0, 3, 24.31, 11915, 169
497, 0, 50, 96, 90, 21, 0.00%, 1, 0, 4, 23.36, 12037, 169
503, 0, 50, 99, 93, 21, 0.00%, 1, 0, 4, 23.96, 12166, 169
508, 0, 50, 99, 93, 21, 0.00%, 1, 0, 4, 24.29, 12291, 169
513, 0, 50, 100, 94, 21, 0.00%, 1, 0, 4, 24.22, 12414, 169
518, 0, 50, 100, 94, 21, 0.00%, 1, 0, 4, 24.30, 12539, 169
523, 0, 50, 103, 97, 21, 0.00%, 1, 0, 4, 24.02, 12659, 169
528, 0, 50, 103, 97, 21, 0.00%, 1, 0, 4, 24.35, 12784, 169
534, 0, 50, 104, 98, 21, 0.00%, 1, 0, 4, 24.23, 12908, 169
539, 0, 50, 104, 98, 21, 0.00%, 1, 0, 4, 24.37, 13033, 169
544, 0, 50, 104, 98, 21, 0.00%, 1, 0, 4, 24.39, 13158, 169
549, 0, 50, 106, 100, 21, 0.00%, 1, 0, 4, 24.15, 13280, 169
554, 0, 50, 108, 102, 21, 0.00%, 1, 0, 4, 23.96, 13407, 169
559, 0, 50, 108, 102, 21, 0.00%, 1, 0, 4, 24.28, 13532, 169
565, 0, 50, 108, 102, 21, 0.00%, 1, 0, 4, 24.43, 13657, 169
570, 0, 83, 108, 101, 20, 0.00%, 1, 0, 4, 24.44, 13782, 169
575, 0, 83, 109, 102, 20, 0.00%, 1, 0, 4, 24.46, 13905, 169
580, 0, 84, 109, 101, 19, 0.00%, 1, 0, 4, 24.15, 14030, 169
585, 0, 84, 109, 101, 19, 0.00%, 1, 0, 4, 24.36, 14156, 169
590, 0, 13, 109, 100, 18, 0.00%, 1, 0, 4, 24.39, 14280, 169
595, 0, 13, 109, 100, 18, 0.00%, 1, 0, 4, 24.38, 14405, 169
598, 0, 42, 109, 99, 17, 0.00%, 1, 0, 4, 0.00, 14469, 169
