# relative_time, cycles_done, cur_item, corpus_count, pending_total, pending_favs, map_size, saved_crashes, saved_hangs, max_depth, execs_per_sec, total_execs, edges_found
61, 0, 0, 10, 10, 1, 0.00%, 0, 0, 2, 10.43, 584, 171
66, 0, 0, 10, 10, 1, 0.00%, 0, 0, 2, 10.31, 636, 171
71, 0, 0, 10, 10, 1, 0.00%, 0, 0, 2, 10.70, 692, 171
77, 0, 0, 11, 11, 1, 0.00%, 0, 0, 2, 10.42, 742, 172
82, 0, 0, 11, 11, 1, 0.00%, 0, 0, 2, 11.05, 799, 172
87, 0, 0, 11, 11, 1, 0.00%, 0, 0, 2, 10.89, 856, 172
92, 0, 0, 11, 11, 1, 0.00%, 0, 0, 2, 10.69, 909, 172
97, 0, 0, 11, 11, 1, 0.00%, 0, 0, 2, 10.94, 967, 172
102, 0, 0, 11, 11, 1, 0.00%, 0, 0, 2, 11.11, 1023, 172
107, 0, 0, 11, 11, 1, 0.00%, 0, 0, 2, 11.08, 1079, 172
113, 0, 0, 11, 11, 1, 0.00%, 0, 0, 2, 11.21, 1137, 172
118, 0, 0, 11, 11, 1, 0.00%, 0, 0, 2, 11.31, 1194, 172
123, 0, 0, 11, 11, 1, 0.00%, 0, 0, 2, 11.27, 1253, 172
128, 0, 0, 11, 11, 1, 0.00%, 0, 0, 2, 11.30, 1312, 172
133, 0, 0, 11, 11, 1, 0.00%, 0, 0, 2, 11.23, 1371, 172
139, 0, 0, 11, 11, 1, 0.00%, 0, 0, 2, 11.38, 1431, 172
144, 0, 0, 11, 11, 1, 0.00%, 0, 0, 2, 11.24, 1490, 172
149, 0, 0, 12, 12, 1, 0.00%, 0, 0, 2, 11.17, 1545, 197
154, 0, 0, 12, 12, 1, 0.00%, 0, 0, 2, 11.42, 1605, 197
159, 0, 0, 12, 12, 1, 0.00%, 0, 0, 2, 11.36, 1665, 197
164, 0, 0, 12, 12, 1, 0.00%, 0, 0, 2, 11.41, 1722, 197
170, 0, 0, 12, 12, 1, 0.00%, 0, 0, 2, 11.58, 1782, 197
175, 0, 0, 12, 12, 1, 0.00%, 0, 0, 2, 11.57, 1842, 197
180, 0, 0, 12, 12, 1, 0.00%, 0, 0, 2, 11.38, 1899, 197
185, 0, 0, 12, 12, 1, 0.00%, 0, 0, 2, 11.40, 1958, 197
190, 0, 0, 12, 12, 1, 0.00%, 0, 0, 2, 10.55, 2012, 197
195, 0, 0, 12, 12, 1, 0.00%, 0, 0, 2, 10.53, 2064, 197
200, 0, 0, 12, 12, 1, 0.00%, 0, 0, 2, 11.34, 2123, 197
205, 0, 0, 13, 13, 1, 0.00%, 0, 0, 2, 10.49, 2175, 199
210, 0, 0, 13, 13, 1, 0.00%, 0, 0, 2, 10.78, 2230, 199
216, 0, 0, 13, 13, 1, 0.00%, 0, 0, 2, 10.90, 2286, 199
221, 0, 0, 13, 13, 1, 0.00%, 0, 0, 2, 10.84, 2337, 199
226, 0, 0, 13, 13, 1, 0.00%, 0, 0, 2, 9.84, 2386, 199
231, 0, 0, 14, 14, 1, 0.00%, 0, 0, 2, 10.34, 2440, 213
236, 0, 0, 14, 14, 1, 0.00%, 0, 0, 2, 10.91, 2496, 213
242, 0, 0, 14, 14, 1, 0.00%, 0, 0, 2, 10.16, 2548, 213
247, 0, 0, 14, 14, 1, 0.00%, 0, 0, 2, 10.18, 2603, 213
252, 0, 0, 14, 14, 1, 0.00%, 0, 0, 2, 10.10, 2655, 213
257, 0, 0, 14, 14, 1, 0.00%, 0, 0, 2, 10.21, 2708, 213
262, 0, 0, 14, 14, 1, 0.00%, 0, 0, 2, 9.13, 2742, 213
267, 0, 0, 14, 14, 1, 0.00%, 0, 0, 2, 10.00, 2796, 213
273, 0, 0, 14, 14, 1, 0.00%, 0, 0, 2, 10.72, 2853, 213
278, 0, 0, 14, 14, 1, 0.00%, 0, 0, 2, 10.70, 2909, 213
283, 0, 0, 15, 15, 1, 0.00%, 0, 0, 2, 10.88, 2967, 215
288, 0, 0, 15, 15, 1, 0.00%, 0, 0, 2, 10.45, 3018, 215
294, 0, 0, 15, 15, 1, 0.00%, 0, 0, 2, 10.84, 3074, 215
299, 0, 0, 16, 16, 1, 0.00%, 0, 0, 2, 11.37, 3130, 216
304, 0, 0, 16, 16, 1, 0.00%, 0, 0, 2, 10.15, 3182, 216
309, 0, 0, 16, 16, 1, 0.00%, 0, 0, 2, 10.25, 3235, 216
314, 0, 0, 16, 16, 1, 0.00%, 0, 0, 2, 9.50, 3284, 216
319, 0, 0, 17, 17, 1, 0.00%, 0, 0, 2, 10.25, 3340, 216
325, 0, 0, 19, 19, 1, 0.00%, 0, 0, 2, 14.52, 3409, 219
330, 0, 0, 21, 21, 1, 0.00%, 0, 0, 2, 14.08, 3479, 226
335, 0, 0, 21, 21, 1, 0.00%, 0, 0, 2, 11.11, 3533, 226
340, 0, 0, 23, 23, 1, 0.00%, 0, 0, 2, 10.55, 3583, 227
345, 0, 0, 23, 23, 1, 0.00%, 0, 0, 2, 9.84, 3633, 227
350, 0, 0, 23, 23, 1, 0.00%, 0, 0, 2, 8.97, 3679, 227
356, 0, 0, 23, 23, 1, 0.00%, 0, 0, 2, 8.21, 3717, 227
361, 0, 0, 24, 24, 1, 0.00%, 0, 0, 2, 9.57, 3769, 228
366, 0, 0, 25, 25, 1, 0.00%, 0, 0, 2, 9.19, 3815, 230
371, 0, 0, 25, 25, 1, 0.00%, 0, 0, 2, 9.74, 3865, 230
376, 0, 0, 25, 25, 1, 0.00%, 0, 0, 2, 8.96, 3905, 230
381, 0, 0, 25, 25, 1, 0.00%, 0, 0, 2, 10.19, 3960, 230
386, 0, 0, 25, 25, 1, 0.00%, 0, 0, 2, 9.79, 4006, 230
391, 0, 0, 25, 25, 1, 0.00%, 0, 0, 2, 9.05, 4052, 230
397, 0, 0, 26, 26, 1, 0.00%, 0, 0, 2, 9.61, 4103, 230
402, 0, 0, 26, 26, 1, 0.00%, 0, 0, 2, 5.36, 4142, 230
407, 0, 0, 26, 26, 1, 0.00%, 0, 0, 2, 7.97, 4186, 230
412, 0, 0, 26, 26, 1, 0.00%, 0, 0, 2, 8.06, 4229, 230
417, 0, 0, 26, 26, 1, 0.00%, 0, 0, 2, 8.73, 4273, 230
422, 0, 0, 26, 26, 1, 0.00%, 0, 0, 2, 8.31, 4314, 230
427, 0, 0, 26, 26, 1, 0.00%, 0, 0, 2, 9.49, 4364, 230
432, 0, 0, 26, 26, 1, 0.00%, 0, 0, 2, 9.91, 4415, 230
437, 0, 0, 26, 26, 1, 0.00%, 0, 0, 2, 8.88, 4456, 230
443, 0, 0, 26, 26, 1, 0.00%, 0, 0, 2, 8.29, 4496, 230
448, 0, 0, 26, 26, 1, 0.00%, 0, 0, 2, 9.00, 4546, 230
453, 0, 0, 26, 26, 1, 0.00%, 0, 0, 2, 9.11, 4593, 230
458, 0, 0, 26, 26, 1, 0.00%, 0, 0, 2, 10.25, 4647, 230
463, 0, 0, 26, 26, 1, 0.00%, 0, 0, 2, 10.74, 4703, 230
469, 0, 0, 26, 26, 1, 0.00%, 0, 0, 2, 9.74, 4751, 230
474, 0, 0, 26, 26, 1, 0.00%, 0, 0, 2, 6.07, 4793, 230
479, 0, 0, 26, 26, 1, 0.00%, 0, 0, 2, 8.91, 4842, 230
484, 0, 0, 26, 26, 1, 0.00%, 0, 0, 2, 9.64, 4894, 230
489, 0, 0, 26, 26, 1, 0.00%, 0, 0, 2, 9.37, 4941, 230
494, 0, 0, 26, 26, 1, 0.00%, 0, 0, 2, 9.10, 4984, 230
499, 0, 0, 26, 26, 1, 0.00%, 0, 0, 2, 9.69, 5032, 230
504, 0, 0, 26, 26, 1, 0.00%, 0, 0, 2, 9.46, 5078, 230
509, 0, 19, 26, 25, 18, 0.00%, 0, 0, 2, 9.12, 5125, 230
514, 0, 19, 26, 25, 18, 0.00%, 0, 0, 2, 9.16, 5173, 230
520, 0, 19, 27, 26, 18, 0.00%, 0, 0, 3, 9.11, 5224, 230
525, 0, 19, 27, 26, 18, 0.00%, 0, 0, 3, 10.28, 5280, 230
531, 0, 19, 28, 27, 18, 0.00%, 0, 0, 3, 10.41, 5333, 232
536, 0, 5, 28, 26, 18, 0.00%, 0, 0, 3, 10.53, 5386, 232
541, 0, 5, 29, 27, 18, 0.00%, 0, 0, 3, 10.13, 5437, 232
546, 0, 5, 29, 27, 18, 0.00%, 0, 0, 3, 10.54, 5491, 232
551, 0, 5, 30, 28, 18, 0.00%, 0, 0, 3, 10.23, 5541, 234
556, 0, 5, 30, 28, 18, 0.00%, 0, 0, 3, 10.49, 5595, 234
561, 0, 18, 30, 27, 18, 0.00%, 0, 0, 3, 10.20, 5647, 234
566, 0, 18, 31, 28, 18, 0.00%, 0, 0, 3, 10.23, 5698, 236
571, 0, 18, 31, 28, 18, 0.00%, 0, 0, 3, 9.85, 5749, 236
576, 0, 18, 31, 28, 18, 0.00%, 0, 0, 3, 9.20, 5793, 236
582, 0, 18, 32, 29, 18, 0.00%, 0, 0, 3, 9.25, 5842, 236
587, 0, 30, 32, 28, 17, 0.00%, 0, 0, 3, 9.68, 5892, 236
592, 0, 30, 33, 29, 17, 0.00%, 0, 0, 4, 9.29, 5936, 238
597, 0, 30, 34, 30, 17, 0.00%, 1, 0, 4, 8.36, 5976, 238
597, 0, 30, 34, 30, 17, 0.00%, 1, 0, 4, 0.00, 5977, 238
