# relative_time, cycles_done, cur_item, corpus_count, pending_total, pending_favs, map_size, saved_crashes, saved_hangs, max_depth, execs_per_sec, total_execs, edges_found
61, 0, 0, 18, 18, 1, 0.00%, 0, 0, 2, 23.83, 1485, 313
66, 0, 0, 19, 19, 1, 0.00%, 0, 0, 2, 23.88, 1604, 315
72, 0, 0, 19, 19, 1, 0.00%, 0, 0, 2, 24.09, 1729, 315
77, 0, 0, 19, 19, 1, 0.00%, 0, 0, 2, 23.93, 1849, 315
82, 0, 0, 19, 19, 1, 0.00%, 0, 0, 2, 23.71, 1966, 315
87, 0, 0, 19, 19, 1, 0.00%, 0, 0, 2, 23.91, 2086, 315
92, 0, 0, 19, 19, 1, 0.00%, 0, 0, 2, 23.71, 2206, 315
97, 0, 0, 19, 19, 1, 0.00%, 0, 0, 2, 23.75, 2326, 315
102, 0, 0, 19, 19, 1, 0.00%, 0, 0, 2, 23.86, 2446, 315
107, 0, 0, 19, 19, 1, 0.00%, 0, 0, 2, 23.82, 2566, 315
112, 0, 0, 19, 19, 1, 0.00%, 0, 0, 2, 23.64, 2686, 315
117, 0, 0, 19, 19, 1, 0.00%, 0, 0, 2, 23.62, 2806, 315
122, 0, 0, 19, 19, 1, 0.00%, 0, 0, 2, 23.67, 2925, 315
127, 0, 0, 19, 19, 1, 0.00%, 0, 0, 2, 23.63, 3045, 315
132, 0, 0, 19, 19, 1, 0.00%, 0, 0, 2, 23.76, 3165, 315
137, 0, 0, 19, 19, 1, 0.00%, 0, 0, 2, 23.89, 3285, 315
142, 0, 0, 19, 19, 1, 0.00%, 0, 0, 2, 23.35, 3403, 315
147, 0, 0, 19, 19, 1, 0.00%, 0, 0, 2, 23.67, 3523, 315
152, 0, 0, 19, 19, 1, 0.00%, 0, 0, 2, 23.68, 3643, 315
157, 0, 0, 19, 19, 1, 0.00%, 0, 0, 2, 23.64, 3763, 315
163, 0, 0, 20, 20, 1, 0.00%, 0, 0, 2, 23.43, 3881, 318
168, 0, 0, 21, 21, 1, 0.00%, 0, 0, 2, 23.19, 3998, 319
173, 0, 0, 21, 21, 1, 0.00%, 0, 0, 2, 23.41, 4118, 319
178, 0, 0, 21, 21, 1, 0.00%, 0, 0, 2, 23.54, 4238, 319
183, 0, 0, 21, 21, 1, 0.00%, 0, 0, 2, 23.54, 4358, 319
188, 0, 0, 22, 22, 1, 0.00%, 0, 0, 2, 23.31, 4476, 327
193, 0, 0, 22, 22, 1, 0.00%, 0, 0, 2, 23.38, 4596, 327
198, 0, 0, 22, 22, 1, 0.00%, 0, 0, 2, 23.52, 4716, 327
203, 0, 0, 22, 22, 1, 0.00%, 0, 0, 2, 23.15, 4835, 327
209, 0, 0, 22, 22, 1, 0.00%, 0, 0, 2, 23.33, 4955, 327
214, 0, 0, 22, 22, 1, 0.00%, 0, 0, 2, 23.33, 5074, 327
219, 0, 0, 22, 22, 1, 0.00%, 0, 0, 2, 23.42, 5194, 327
224, 0, 0, 22, 22, 1, 0.00%, 0, 0, 2, 23.21, 5314, 327
229, 0, 0, 22, 22, 1, 0.00%, 0, 0, 2, 23.12, 5433, 327
234, 0, 0, 22, 22, 1, 0.00%, 0, 0, 2, 23.13, 5553, 327
239, 0, 0, 22, 22, 1, 0.00%, 0, 0, 2, 23.27, 5673, 327
245, 0, 0, 22, 22, 1, 0.00%, 0, 0, 2, 23.24, 5792, 327
250, 0, 0, 23, 23, 1, 0.00%, 0, 0, 2, 23.14, 5907, 328
255, 0, 0, 23, 23, 1, 0.00%, 0, 0, 2, 23.02, 6022, 328
260, 0, 0, 23, 23, 1, 0.00%, 0, 0, 2, 23.26, 6142, 328
265, 0, 0, 23, 23, 1, 0.00%, 0, 0, 2, 23.18, 6262, 328
270, 0, 0, 23, 23, 1, 0.00%, 0, 0, 2, 23.28, 6382, 328
275, 0, 0, 23, 23, 1, 0.00%, 0, 0, 2, 23.39, 6502, 328
280, 0, 0, 23, 23, 1, 0.00%, 0, 0, 2, 23.33, 6622, 328
286, 0, 0, 23, 23, 1, 0.00%, 0, 0, 2, 23.10, 6742, 328
291, 0, 0, 24, 24, 1, 0.00%, 0, 0, 2, 22.70, 6858, 329
296, 0, 19, 27, 26, 17, 0.00%, 0, 0, 3, 21.96, 6965, 346
301, 0, 19, 31, 30, 17, 0.00%, 0, 0, 3, 21.84, 7077, 348
306, 0, 19, 32, 31, 17, 0.00%, 0, 0, 3, 22.40, 7192, 348
311, 0, 19, 32, 31, 17, 0.00%, 0, 0, 3, 22.80, 7307, 348
316, 0, 19, 33, 32, 17, 0.00%, 0, 0, 3, 22.43, 7421, 350
322, 0, 19, 33, 32, 17, 0.00%, 0, 0, 3, 22.62, 7536, 350
327, 0, 19, 37, 36, 17, 0.00%, 0, 0, 3, 22.08, 7642, 355
332, 0, 19, 37, 36, 17, 0.00%, 0, 0, 3, 22.97, 7760, 355
337, 0, 19, 37, 36, 17, 0.00%, 0, 0, 3, 21.62, 7868, 355
342, 0, 19, 37, 36, 17, 0.00%, 0, 0, 3, 22.59, 7983, 355
347, 0, 19, 38, 37, 17, 0.00%, 0, 0, 3, 22.70, 8098, 356
352, 0, 19, 40, 39, 17, 0.00%, 0, 0, 3, 22.19, 8211, 357
357, 0, 19, 40, 39, 17, 0.00%, 0, 0, 3, 22.43, 8326, 357
362, 0, 19, 40, 39, 17, 0.00%, 0, 0, 3, 22.57, 8441, 357
367, 0, 19, 40, 39, 17, 0.00%, 0, 0, 3, 22.52, 8556, 357
372, 0, 19, 40, 39, 17, 0.00%, 0, 0, 3, 22.69, 8671, 357
377, 0, 19, 40, 39, 17, 0.00%, 0, 0, 3, 22.69, 8786, 357
383, 0, 19, 40, 39, 17, 0.00%, 0, 0, 3, 22.66, 8901, 357
388, 0, 19, 41, 40, 17, 0.00%, 0, 0, 3, 22.53, 9013, 358
393, 0, 19, 43, 42, 17, 0.00%, 0, 0, 3, 22.26, 9128, 359
398, 0, 19, 43, 42, 17, 0.00%, 0, 0, 3, 22.58, 9243, 359
403, 0, 19, 43, 42, 17, 0.00%, 0, 0, 3, 22.82, 9359, 359
408, 0, 19, 43, 42, 17, 0.00%, 0, 0, 3, 22.28, 9476, 359
413, 0, 19, 43, 42, 17, 0.00%, 0, 0, 3, 22.59, 9591, 359
419, 0, 19, 43, 42, 17, 0.00%, 0, 0, 3, 22.88, 9711, 359
424, 0, 19, 43, 42, 17, 0.00%, 0, 0, 3, 22.22, 9825, 359
429, 0, 19, 43, 42, 17, 0.00%, 0, 0, 3, 22.65, 9940, 359
434, 0, 19, 43, 42, 17, 0.00%, 0, 0, 3, 22.67, 10055, 359
439, 0, 19, 43, 42, 17, 0.00%, 0, 0, 3, 22.36, 10170, 359
444, 0, 19, 43, 42, 17, 0.00%, 0, 0, 3, 22.66, 10285, 359
449, 0, 19, 43, 42, 17, 0.00%, 0, 0, 3, 22.65, 10400, 359
454, 0, 19, 43, 42, 17, 0.00%, 0, 0, 3, 22.39, 10514, 359
459, 0, 19, 43, 42, 17, 0.00%, 0, 0, 3, 22.35, 10629, 359
465, 0, 19, 43, 42, 17, 0.00%, 0, 0, 3, 22.33, 10744, 359
470, 0, 19, 43, 42, 17, 0.00%, 0, 0, 3, 22.56, 10859, 359
475, 0, 19, 43, 42, 17, 0.00%, 0, 0, 3, 22.53, 10974, 359
480, 0, 19, 43, 42, 17, 0.00%, 0, 0, 3, 22.40, 11089, 359
485, 0, 19, 43, 42, 17, 0.00%, 0, 0, 3, 22.51, 11204, 359
490, 0, 19, 43, 42, 17, 0.00%, 0, 0, 3, 22.56, 11319, 359
495, 0, 19, 44, 43, 17, 0.00%, 0, 0, 3, 22.31, 11431, 360
500, 0, 19, 44, 43, 17, 0.00%, 0, 0, 3, 22.56, 11546, 360
505, 0, 19, 44, 43, 17, 0.00%, 0, 0, 3, 22.64, 11661, 360
510, 0, 19, 44, 43, 17, 0.00%, 0, 0, 3, 22.52, 11776, 360
516, 0, 19, 44, 43, 17, 0.00%, 0, 0, 3, 22.39, 11890, 360
521, 0, 19, 44, 43, 17, 0.00%, 0, 0, 3, 22.53, 12005, 360
526, 0, 25, 44, 42, 22, 0.00%, 0, 0, 3, 21.60, 12117, 360
531, 0, 25, 44, 42, 22, 0.00%, 0, 0, 3, 22.14, 12231, 360
536, 0, 25, 44, 42, 22, 0.00%, 0, 0, 3, 22.37, 12346, 360
541, 0, 16, 44, 41, 21, 0.00%, 0, 0, 3, 22.03, 12459, 360
546, 0, 16, 44, 41, 21, 0.00%, 0, 0, 3, 21.97, 12573, 360
552, 0, 3, 46, 42, 18, 0.00%, 1, 0, 3, 21.65, 12690, 363
557, 0, 3, 46, 42, 18, 0.00%, 1, 0, 3, 21.72, 12800, 363
562, 0, 15, 47, 42, 18, 0.00%, 1, 0, 3, 21.50, 12906, 363
567, 0, 15, 49, 44, 18, 0.00%, 1, 0, 3, 21.28, 13016, 363
573, 0, 9, 50, 44, 17, 0.00%, 1, 0, 3, 21.30, 13131, 364
578, 0, 9, 52, 46, 17, 0.00%, 1, 0, 3, 21.08, 13234, 364
583, 0, 9, 53, 47, 17, 0.00%, 1, 0, 3, 21.09, 13342, 364
588, 0, 9, 59, 53, 17, 0.00%, 1, 0, 3, 20.23, 13438, 366
593, 0, 9, 63, 57, 17, 0.00%, 1, 0, 3, 20.33, 13545, 367
598, 0, 9, 67, 61, 17, 0.00%, 1, 0, 3, 0.00, 13637, 369
