# unix_time, cycles_done, cur_path, paths_total, pending_total, pending_favs, map_size, unique_crashes, unique_hangs, max_depth, execs_per_sec
1676153770, 0, 0, 1, 1, 1, 0.07%, 0, 0, 1, 30.77
1676153775, 0, 0, 3, 3, 1, 0.08%, 0, 0, 2, 35.39
1676153811, 0, 0, 4, 4, 1, 0.08%, 0, 0, 2, 29.86
1676153816, 0, 0, 5, 5, 1, 0.09%, 0, 0, 2, 21.08
1676153841, 0, 0, 6, 6, 1, 0.10%, 0, 0, 2, 26.67
1676153846, 0, 0, 7, 7, 1, 0.11%, 0, 0, 2, 28.66
1676153851, 0, 0, 8, 8, 1, 0.11%, 0, 0, 2, 35.56
1676153856, 0, 0, 10, 10, 1, 0.12%, 0, 0, 2, 29.96
1676153862, 0, 0, 11, 11, 1, 0.12%, 0, 0, 2, 29.44
1676153867, 0, 0, 13, 13, 1, 0.13%, 0, 0, 2, 29.52
1676153872, 0, 0, 14, 14, 1, 0.13%, 0, 0, 2, 29.54
1676153898, 0, 0, 15, 15, 1, 0.13%, 0, 0, 2, 29.79
1676153939, 0, 0, 17, 17, 1, 0.13%, 0, 0, 2, 37.20
1676154010, 0, 5, 17, 16, 9, 0.13%, 0, 0, 2, 37.13
1676154015, 0, 5, 18, 17, 9, 0.13%, 0, 0, 3, 35.78
1676154025, 0, 5, 19, 18, 9, 0.13%, 0, 0, 3, 38.10
1676154030, 0, 5, 21, 20, 9, 0.13%, 0, 0, 3, 37.05
1676154035, 0, 5, 22, 21, 9, 0.13%, 0, 0, 3, 34.69
1676154041, 0, 5, 24, 23, 9, 0.13%, 0, 0, 3, 37.47
1676154096, 0, 5, 26, 25, 9, 0.14%, 0, 0, 3, 37.18
1676154137, 0, 5, 27, 26, 9, 0.14%, 0, 0, 3, 35.84
1676154168, 0, 5, 28, 27, 9, 0.14%, 0, 0, 3, 45.85
1676154208, 0, 24, 30, 28, 9, 0.14%, 0, 0, 4, 37.71
1676154244, 0, 25, 30, 27, 10, 0.14%, 0, 0, 4, 36.63
1676154259, 0, 28, 30, 26, 9, 0.14%, 0, 0, 4, 37.83
1676154331, 0, 28, 31, 27, 9, 0.14%, 0, 0, 5, 39.50
1676154341, 0, 28, 32, 28, 9, 0.14%, 0, 0, 5, 39.17
