# unix_time, cycles_done, cur_path, paths_total, pending_total, pending_favs, map_size, unique_crashes, unique_hangs, max_depth, execs_per_sec
1676208197, 0, 0, 1, 1, 1, 0.09%, 0, 0, 1, 95.24
1676208202, 0, 0, 18, 18, 1, 0.11%, 0, 0, 2, 142.68
1676208207, 0, 0, 20, 20, 1, 0.12%, 0, 0, 2, 153.06
1676208213, 0, 0, 21, 21, 1, 0.12%, 0, 0, 2, 154.56
1676208233, 0, 0, 34, 34, 1, 0.14%, 0, 0, 2, 155.83
1676208238, 0, 0, 35, 35, 1, 0.14%, 0, 0, 2, 155.96
1676208243, 0, 0, 36, 36, 1, 0.14%, 0, 0, 2, 155.71
1676208248, 0, 0, 38, 38, 1, 0.14%, 0, 0, 2, 155.79
1676208274, 0, 0, 39, 39, 1, 0.14%, 0, 0, 2, 155.74
1676208299, 0, 0, 40, 40, 1, 0.14%, 0, 0, 2, 155.80
1676208426, 0, 0, 41, 41, 1, 0.14%, 0, 0, 2, 155.72
1676208431, 0, 0, 41, 41, 1, 0.14%, 1, 0, 2, 155.98
1676208441, 0, 20, 41, 40, 15, 0.14%, 1, 0, 2, 155.09
1676208447, 0, 20, 42, 41, 15, 0.14%, 1, 0, 3, 153.31
1676208457, 0, 27, 42, 40, 15, 0.14%, 1, 0, 3, 153.52
1676208487, 0, 34, 42, 39, 14, 0.14%, 1, 0, 3, 154.17
1676208498, 0, 34, 43, 40, 14, 0.14%, 1, 0, 3, 153.68
1676208508, 0, 35, 43, 39, 13, 0.14%, 1, 0, 3, 153.34
1676208569, 0, 36, 43, 38, 13, 0.14%, 1, 0, 3, 152.27
1676208595, 0, 37, 43, 37, 13, 0.14%, 1, 0, 3, 154.32
1676208610, 0, 40, 43, 36, 13, 0.14%, 1, 0, 3, 152.70
1676208641, 1, 10, 43, 35, 13, 0.14%, 1, 0, 3, 153.11
