# unix_time, cycles_done, cur_path, paths_total, pending_total, pending_favs, map_size, unique_crashes, unique_hangs, max_depth, execs_per_sec
1676190847, 0, 0, 1, 1, 1, 0.16%, 0, 0, 1, 62.02
1676190852, 0, 0, 15, 15, 1, 0.19%, 0, 0, 2, 80.44
1676190857, 0, 0, 22, 22, 1, 0.20%, 0, 0, 2, 83.22
1676190867, 0, 0, 25, 25, 1, 0.21%, 0, 0, 2, 82.61
1676190903, 0, 0, 26, 26, 1, 0.21%, 0, 0, 2, 83.11
1676190949, 0, 0, 36, 36, 1, 0.23%, 0, 0, 2, 121.67
1676190954, 0, 0, 42, 42, 1, 0.23%, 0, 0, 2, 127.36
1676190959, 0, 0, 46, 46, 1, 0.23%, 0, 0, 2, 128.32
1676190965, 0, 0, 47, 47, 1, 0.23%, 0, 0, 2, 126.96
1676190970, 0, 0, 48, 48, 1, 0.23%, 0, 0, 2, 128.90
1676190985, 0, 0, 49, 49, 1, 0.23%, 0, 0, 2, 126.06
1676191097, 0, 1, 49, 48, 11, 0.23%, 0, 0, 2, 138.16
1676191138, 0, 18, 49, 47, 11, 0.23%, 0, 0, 2, 139.64
1676191158, 0, 18, 50, 48, 11, 0.23%, 0, 0, 3, 132.89
1676191168, 0, 22, 50, 47, 11, 0.23%, 0, 0, 3, 134.91
1676191204, 0, 25, 50, 46, 11, 0.23%, 0, 0, 3, 139.19
1676191225, 0, 33, 50, 45, 11, 0.23%, 0, 0, 3, 139.34
