# unix_time, cycles_done, cur_path, paths_total, pending_total, pending_favs, map_size, unique_crashes, unique_hangs, max_depth, execs_per_sec
1676030365, 0, 0, 1, 1, 1, 0.09%, 0, 0, 1, 72.07
1676030370, 0, 0, 3, 3, 1, 0.09%, 0, 0, 2, 94.08
1676030381, 0, 0, 6, 6, 1, 0.11%, 0, 0, 2, 99.77
1676030386, 0, 0, 8, 8, 1, 0.11%, 0, 0, 2, 99.92
1676030396, 0, 0, 10, 10, 1, 0.12%, 0, 0, 2, 114.33
1676030401, 0, 0, 13, 13, 1, 0.13%, 0, 0, 2, 103.17
1676030406, 0, 0, 14, 14, 1, 0.13%, 0, 0, 2, 100.44
1676030416, 0, 0, 15, 15, 1, 0.13%, 0, 0, 2, 99.64
1676030437, 0, 0, 16, 16, 1, 0.13%, 0, 0, 2, 99.13
1676030472, 0, 0, 17, 17, 1, 0.13%, 0, 0, 2, 98.69
1676030492, 0, 0, 18, 18, 1, 0.13%, 0, 0, 2, 98.54
1676030518, 0, 0, 19, 19, 1, 0.13%, 0, 0, 2, 98.21
1676030523, 0, 0, 20, 20, 1, 0.13%, 0, 0, 2, 96.10
1676030600, 0, 0, 21, 21, 1, 0.13%, 0, 0, 2, 100.63
1676030662, 0, 0, 22, 22, 1, 0.13%, 0, 0, 2, 101.08
1676030709, 0, 8, 23, 22, 8, 0.13%, 0, 0, 3, 99.19
1676030714, 0, 8, 25, 24, 8, 0.13%, 0, 0, 3, 98.65
1676030790, 0, 10, 25, 23, 7, 0.13%, 0, 0, 3, 97.89
1676030811, 0, 10, 26, 24, 7, 0.14%, 1, 0, 3, 96.76
1676030816, 0, 10, 27, 25, 7, 0.14%, 1, 0, 3, 96.37
1676030826, 0, 10, 28, 26, 7, 0.14%, 1, 0, 3, 96.56
1676030831, 0, 10, 29, 27, 7, 0.14%, 1, 0, 3, 96.95
1676030944, 0, 10, 30, 28, 7, 0.15%, 1, 0, 3, 93.72
