# unix_time, cycles_done, cur_path, paths_total, pending_total, pending_favs, map_size, unique_crashes, unique_hangs, max_depth, execs_per_sec
1676032767, 0, 0, 1, 1, 1, 0.10%, 0, 0, 1, 70.18
1676032772, 0, 0, 4, 4, 1, 0.12%, 0, 0, 2, 89.08
1676032782, 0, 0, 5, 5, 1, 0.15%, 0, 0, 2, 94.19
1676032787, 0, 0, 8, 8, 1, 0.21%, 0, 0, 2, 94.27
1676032792, 0, 0, 10, 10, 1, 0.22%, 0, 0, 2, 95.50
1676032802, 0, 0, 12, 12, 1, 0.22%, 0, 0, 2, 96.49
1676032817, 0, 0, 15, 15, 1, 0.22%, 0, 0, 2, 94.40
1676032863, 0, 0, 17, 17, 1, 0.23%, 0, 0, 2, 93.67
1676032888, 0, 0, 18, 18, 1, 0.23%, 0, 0, 2, 94.31
1676032898, 0, 0, 19, 19, 1, 0.23%, 0, 0, 2, 94.23
1676032938, 0, 0, 20, 20, 1, 0.23%, 0, 0, 2, 94.15
1676032954, 0, 9, 20, 19, 11, 0.23%, 0, 0, 2, 93.15
1676032964, 0, 9, 23, 22, 11, 0.23%, 0, 0, 3, 109.41
1676032969, 0, 9, 24, 23, 11, 0.23%, 0, 0, 3, 97.40
1676032974, 0, 9, 25, 24, 11, 0.23%, 0, 0, 3, 93.61
1676032984, 0, 9, 26, 25, 11, 0.23%, 0, 0, 3, 92.91
1676033000, 0, 9, 27, 26, 11, 0.23%, 0, 0, 3, 92.47
1676033005, 0, 9, 28, 27, 11, 0.23%, 0, 0, 3, 92.85
1676033035, 0, 9, 29, 28, 11, 0.23%, 0, 0, 3, 93.28
1676033046, 0, 9, 30, 29, 11, 0.23%, 0, 0, 3, 93.58
1676033051, 0, 9, 31, 30, 11, 0.23%, 0, 0, 3, 93.47
1676033994, 0, 9, 32, 31, 11, 0.23%, 0, 0, 3, 123.41
1676034014, 0, 9, 33, 32, 11, 0.23%, 0, 0, 3, 123.24
1676034019, 0, 9, 34, 33, 11, 0.23%, 0, 0, 3, 123.68
1676034348, 0, 12, 34, 32, 10, 0.23%, 0, 0, 3, 0.06
1676034400, 0, 12, 35, 33, 10, 0.23%, 0, 0, 3, 126.13
1676034405, 0, 12, 36, 34, 10, 0.23%, 0, 0, 3, 126.97
1676034415, 0, 22, 36, 33, 9, 0.23%, 0, 0, 3, 126.27
1676034426, 0, 22, 37, 34, 9, 0.23%, 0, 0, 4, 123.96
1676034471, 0, 29, 38, 34, 8, 0.23%, 0, 0, 4, 122.07
1676034517, 0, 29, 40, 36, 8, 0.23%, 0, 0, 4, 119.63
1676034527, 0, 29, 41, 37, 8, 0.23%, 0, 0, 4, 117.59
1676034532, 0, 29, 42, 38, 8, 0.23%, 0, 0, 4, 118.08
1676034553, 0, 29, 43, 39, 8, 0.23%, 0, 0, 4, 117.02
1676034558, 0, 29, 45, 41, 8, 0.23%, 0, 0, 4, 116.41
