# relative_time, cycles_done, cur_item, corpus_count, pending_total, pending_favs, map_size, saved_crashes, saved_hangs, max_depth, execs_per_sec, total_execs, edges_found
62, 0, 0, 13, 13, 1, 0.00%, 0, 0, 2, 19.83, 1236, 132
67, 0, 0, 13, 13, 1, 0.00%, 0, 0, 2, 20.22, 1341, 132
72, 0, 0, 14, 14, 1, 0.00%, 0, 0, 2, 20.14, 1442, 162
77, 0, 0, 14, 14, 1, 0.00%, 0, 0, 2, 20.10, 1546, 162
82, 0, 0, 15, 15, 1, 0.00%, 0, 0, 2, 20.04, 1648, 163
87, 0, 0, 16, 16, 1, 0.00%, 0, 0, 2, 20.15, 1750, 164
92, 0, 0, 16, 16, 1, 0.00%, 0, 0, 2, 20.00, 1851, 164
97, 0, 0, 16, 16, 1, 0.00%, 0, 0, 2, 19.87, 1952, 164
103, 0, 0, 16, 16, 1, 0.00%, 0, 0, 2, 19.89, 2052, 164
108, 0, 0, 16, 16, 1, 0.00%, 0, 0, 2, 19.40, 2155, 164
113, 0, 0, 16, 16, 1, 0.00%, 0, 0, 2, 19.48, 2253, 164
118, 0, 0, 16, 16, 1, 0.00%, 0, 0, 2, 19.19, 2351, 164
123, 0, 0, 17, 17, 1, 0.00%, 0, 0, 2, 17.60, 2446, 173
128, 0, 0, 17, 17, 1, 0.00%, 0, 0, 2, 19.40, 2547, 173
134, 0, 0, 17, 17, 1, 0.00%, 0, 0, 2, 19.83, 2651, 173
139, 0, 0, 17, 17, 1, 0.00%, 0, 0, 2, 19.71, 2753, 173
144, 0, 0, 17, 17, 1, 0.00%, 0, 0, 2, 20.02, 2854, 173
149, 0, 0, 17, 17, 1, 0.00%, 0, 0, 2, 20.00, 2958, 173
154, 0, 0, 17, 17, 1, 0.00%, 0, 0, 2, 19.78, 3060, 173
159, 0, 0, 17, 17, 1, 0.00%, 0, 0, 2, 20.04, 3164, 173
164, 0, 0, 17, 17, 1, 0.00%, 0, 0, 2, 20.15, 3266, 173
170, 0, 0, 18, 18, 1, 0.00%, 0, 0, 2, 19.88, 3367, 174
175, 0, 0, 26, 26, 1, 0.00%, 0, 0, 2, 18.85, 3457, 186
180, 0, 0, 32, 32, 1, 0.00%, 0, 0, 2, 18.56, 3554, 188
185, 0, 0, 38, 38, 1, 0.00%, 0, 0, 2, 18.51, 3643, 191
190, 0, 0, 40, 40, 1, 0.00%, 0, 0, 2, 19.39, 3741, 191
195, 0, 0, 43, 43, 1, 0.00%, 0, 0, 2, 19.55, 3838, 191
201, 0, 0, 45, 45, 1, 0.00%, 0, 0, 2, 19.73, 3942, 191
206, 0, 0, 45, 45, 1, 0.00%, 0, 0, 2, 20.12, 4048, 191
211, 0, 0, 47, 47, 1, 0.00%, 0, 0, 2, 19.69, 4148, 191
216, 0, 0, 48, 48, 1, 0.00%, 0, 0, 2, 19.91, 4249, 191
221, 0, 0, 50, 50, 1, 0.00%, 0, 0, 2, 19.78, 4347, 191
227, 0, 0, 50, 50, 1, 0.00%, 0, 0, 2, 20.13, 4451, 191
232, 0, 0, 53, 53, 1, 0.00%, 0, 0, 2, 19.91, 4549, 191
237, 0, 0, 54, 54, 1, 0.00%, 0, 0, 2, 20.18, 4651, 193
242, 0, 0, 56, 56, 1, 0.00%, 0, 0, 2, 20.10, 4754, 193
247, 0, 0, 56, 56, 1, 0.00%, 0, 0, 2, 20.09, 4857, 193
252, 0, 0, 56, 56, 1, 0.00%, 0, 0, 2, 20.41, 4962, 193
257, 0, 0, 56, 56, 1, 0.00%, 0, 0, 2, 20.10, 5066, 193
263, 0, 0, 56, 56, 1, 0.00%, 0, 0, 2, 19.98, 5170, 193
268, 0, 0, 57, 57, 1, 0.00%, 0, 0, 2, 19.95, 5269, 193
273, 0, 0, 57, 57, 1, 0.00%, 0, 0, 2, 20.17, 5372, 193
278, 0, 11, 57, 56, 20, 0.00%, 0, 0, 2, 19.96, 5471, 193
283, 0, 11, 59, 58, 20, 0.00%, 0, 0, 3, 19.58, 5570, 193
288, 0, 9, 59, 56, 18, 0.00%, 0, 0, 3, 20.11, 5673, 193
293, 0, 9, 59, 56, 18, 0.00%, 0, 0, 3, 20.07, 5778, 193
298, 0, 5, 59, 55, 17, 0.00%, 0, 0, 3, 19.87, 5879, 193
303, 0, 5, 60, 56, 17, 0.00%, 0, 0, 3, 19.80, 5978, 193
309, 0, 14, 60, 55, 16, 0.00%, 0, 0, 3, 19.16, 6078, 193
314, 0, 14, 61, 56, 16, 0.00%, 0, 0, 3, 19.76, 6179, 193
319, 0, 14, 61, 56, 16, 0.00%, 0, 0, 3, 19.90, 6282, 193
324, 0, 15, 61, 55, 15, 0.00%, 0, 0, 3, 19.91, 6382, 193
329, 0, 15, 63, 57, 15, 0.00%, 0, 0, 3, 19.82, 6478, 197
334, 0, 52, 63, 56, 16, 0.00%, 0, 0, 3, 19.32, 6577, 197
339, 0, 52, 63, 56, 16, 0.00%, 0, 0, 3, 19.64, 6678, 197
344, 0, 37, 63, 55, 15, 0.00%, 1, 0, 3, 19.80, 6779, 197
349, 0, 37, 63, 55, 15, 0.00%, 1, 0, 3, 20.12, 6880, 197
354, 0, 37, 63, 55, 15, 0.00%, 1, 0, 3, 19.96, 6981, 197
359, 0, 17, 64, 55, 14, 0.00%, 1, 0, 3, 19.87, 7081, 198
364, 0, 17, 64, 55, 14, 0.00%, 1, 0, 3, 19.87, 7181, 198
370, 0, 38, 64, 54, 14, 0.00%, 1, 0, 3, 19.74, 7281, 198
375, 0, 38, 64, 54, 14, 0.00%, 1, 0, 3, 19.68, 7382, 198
380, 0, 1, 64, 53, 13, 0.00%, 1, 0, 3, 19.55, 7480, 198
385, 0, 1, 64, 53, 13, 0.00%, 1, 0, 3, 19.94, 7582, 198
390, 0, 59, 64, 52, 12, 0.00%, 1, 0, 3, 19.79, 7685, 198
395, 0, 59, 64, 52, 12, 0.00%, 1, 0, 3, 19.98, 7786, 198
400, 0, 53, 65, 52, 11, 0.00%, 1, 0, 4, 19.94, 7886, 198
405, 0, 53, 65, 52, 11, 0.00%, 1, 0, 4, 20.07, 7989, 198
410, 0, 53, 65, 52, 11, 0.00%, 1, 0, 4, 20.04, 8089, 198
416, 0, 45, 65, 51, 10, 0.00%, 1, 0, 4, 19.91, 8193, 198
421, 0, 45, 65, 51, 10, 0.00%, 1, 0, 4, 19.73, 8296, 198
426, 0, 25, 65, 50, 9, 0.00%, 1, 0, 4, 19.74, 8396, 198
431, 0, 25, 65, 50, 9, 0.00%, 1, 0, 4, 19.79, 8497, 198
436, 0, 29, 65, 49, 8, 0.00%, 1, 0, 4, 19.61, 8597, 198
441, 0, 29, 66, 50, 8, 0.00%, 1, 0, 4, 19.68, 8697, 200
446, 0, 27, 66, 49, 8, 0.00%, 1, 0, 4, 19.52, 8797, 200
452, 0, 27, 66, 49, 8, 0.00%, 1, 0, 4, 19.78, 8899, 200
457, 0, 63, 66, 48, 7, 0.00%, 1, 0, 4, 19.46, 9000, 200
462, 0, 63, 69, 51, 7, 0.00%, 1, 0, 4, 19.00, 9093, 203
467, 0, 63, 74, 56, 7, 0.00%, 1, 0, 4, 18.94, 9196, 204
473, 0, 63, 75, 57, 7, 0.00%, 1, 0, 4, 19.62, 9295, 204
478, 0, 63, 79, 61, 7, 0.00%, 1, 0, 4, 19.30, 9388, 204
483, 0, 63, 81, 63, 7, 0.00%, 1, 0, 4, 19.51, 9489, 204
488, 0, 63, 81, 63, 7, 0.00%, 1, 0, 4, 20.00, 9594, 204
493, 0, 63, 81, 63, 7, 0.00%, 1, 0, 4, 19.87, 9695, 204
498, 0, 63, 82, 64, 7, 0.00%, 1, 0, 4, 19.81, 9794, 204
503, 0, 63, 82, 64, 7, 0.00%, 1, 0, 4, 19.98, 9898, 204
508, 0, 63, 82, 64, 7, 0.00%, 1, 0, 4, 19.93, 10000, 204
513, 0, 63, 84, 66, 7, 0.00%, 1, 0, 4, 19.28, 10094, 204
519, 0, 63, 85, 67, 7, 0.00%, 1, 0, 4, 19.50, 10195, 204
524, 0, 63, 87, 69, 7, 0.00%, 1, 0, 4, 19.64, 10295, 204
529, 0, 63, 88, 70, 7, 0.00%, 1, 0, 4, 19.71, 10393, 204
534, 0, 63, 90, 72, 7, 0.00%, 1, 0, 4, 19.72, 10493, 204
539, 0, 63, 91, 73, 7, 0.00%, 1, 0, 4, 19.80, 10593, 205
544, 0, 63, 92, 74, 7, 0.00%, 1, 0, 4, 19.81, 10692, 206
549, 0, 63, 92, 74, 7, 0.00%, 1, 0, 4, 19.96, 10792, 206
554, 0, 63, 94, 76, 7, 0.00%, 1, 0, 4, 19.07, 10888, 206
559, 0, 63, 94, 76, 7, 0.00%, 1, 0, 4, 19.59, 10987, 206
565, 0, 63, 94, 76, 7, 0.00%, 1, 0, 4, 19.90, 11090, 206
570, 0, 63, 95, 77, 7, 0.00%, 1, 0, 4, 19.92, 11191, 206
575, 0, 63, 95, 77, 7, 0.00%, 1, 0, 4, 19.96, 11292, 206
580, 0, 63, 95, 77, 7, 0.00%, 1, 0, 4, 19.79, 11393, 206
585, 0, 63, 96, 78, 7, 0.00%, 1, 0, 4, 19.47, 11489, 206
590, 0, 63, 96, 78, 7, 0.00%, 1, 0, 4, 19.75, 11591, 206
596, 0, 63, 97, 79, 7, 0.00%, 1, 0, 4, 19.80, 11701, 206
598, 0, 63, 97, 79, 7, 0.00%, 1, 0, 4, 0.00, 11743, 206
