# unix_time, cycles_done, cur_path, paths_total, pending_total, pending_favs, map_size, unique_crashes, unique_hangs, max_depth, execs_per_sec
1676150541, 0, 0, 1, 1, 1, 0.07%, 0, 0, 1, 32.92
1676150546, 0, 0, 3, 3, 1, 0.09%, 0, 0, 2, 36.68
1676150577, 0, 0, 4, 4, 1, 0.13%, 0, 0, 2, 35.42
1676150582, 0, 0, 5, 5, 1, 0.13%, 0, 0, 2, 35.95
1676150587, 0, 0, 6, 6, 1, 0.14%, 0, 0, 2, 36.57
1676150592, 0, 0, 8, 8, 1, 0.16%, 0, 0, 2, 37.71
1676150612, 0, 0, 9, 9, 1, 0.18%, 0, 0, 2, 32.82
1676150623, 0, 0, 10, 10, 1, 0.21%, 0, 0, 2, 33.03
1676150643, 0, 0, 11, 11, 1, 0.21%, 0, 0, 2, 38.64
1676150648, 0, 0, 12, 12, 1, 0.21%, 0, 0, 2, 37.16
1676150658, 0, 0, 13, 13, 1, 0.21%, 0, 0, 2, 35.27
1676150664, 0, 0, 14, 14, 1, 0.22%, 0, 0, 2, 36.49
1676150679, 0, 0, 15, 15, 1, 0.22%, 0, 0, 2, 38.38
1676150694, 0, 0, 16, 16, 1, 0.22%, 0, 0, 2, 33.92
1676150705, 0, 0, 17, 17, 1, 0.22%, 0, 0, 2, 36.41
1676150720, 0, 0, 18, 18, 1, 0.22%, 0, 0, 2, 38.44
1676150751, 0, 0, 19, 19, 1, 0.22%, 0, 0, 2, 35.32
1676150756, 0, 9, 19, 18, 10, 0.22%, 0, 0, 2, 35.41
1676150761, 0, 9, 25, 24, 10, 0.23%, 0, 0, 3, 35.87
1676150766, 0, 9, 27, 26, 10, 0.23%, 0, 0, 3, 35.09
1676150771, 0, 9, 28, 27, 10, 0.23%, 0, 0, 3, 35.40
1676150828, 0, 9, 35, 34, 10, 0.23%, 0, 0, 3, 35.10
1676150833, 0, 9, 41, 40, 10, 0.23%, 0, 0, 3, 35.23
1676150838, 0, 9, 42, 41, 10, 0.23%, 0, 0, 3, 33.82
1676150848, 0, 9, 43, 42, 10, 0.24%, 0, 0, 3, 35.02
1676150853, 0, 9, 45, 44, 10, 0.24%, 0, 0, 3, 33.32
1676150864, 0, 9, 47, 46, 10, 0.24%, 0, 0, 3, 34.89
1676150879, 0, 9, 48, 47, 10, 0.25%, 0, 0, 3, 33.84
1676150910, 0, 9, 49, 48, 10, 0.25%, 0, 0, 3, 32.49
1676150951, 0, 9, 50, 49, 10, 0.25%, 0, 0, 3, 34.00
1676150991, 0, 9, 51, 50, 10, 0.25%, 0, 0, 3, 34.72
1676151002, 0, 9, 52, 51, 10, 0.25%, 0, 0, 3, 34.63
1676151017, 0, 44, 52, 50, 16, 0.25%, 0, 0, 3, 34.77
1676151027, 0, 44, 54, 52, 16, 0.25%, 0, 0, 4, 36.13
