# unix_time, cycles_done, cur_path, paths_total, pending_total, pending_favs, map_size, unique_crashes, unique_hangs, max_depth, execs_per_sec
1676173883, 0, 0, 1, 1, 1, 0.18%, 0, 0, 1, 67.80
1676173888, 0, 0, 4, 4, 1, 0.19%, 0, 0, 2, 82.55
1676173898, 0, 0, 6, 6, 1, 0.37%, 0, 0, 2, 85.44
1676173903, 0, 0, 9, 9, 1, 0.43%, 0, 0, 2, 86.02
1676173913, 0, 0, 11, 11, 1, 0.43%, 0, 0, 2, 85.46
1676173934, 0, 0, 12, 12, 1, 0.43%, 0, 0, 2, 86.40
1676173939, 0, 0, 13, 13, 1, 0.44%, 0, 0, 2, 87.31
1676173955, 0, 0, 15, 15, 1, 0.44%, 0, 0, 2, 87.43
1676174680, 0, 7, 17, 16, 10, 0.44%, 0, 0, 3, 101.10
1676174685, 0, 7, 18, 17, 10, 0.44%, 0, 0, 3, 95.80
1676174696, 0, 7, 19, 18, 10, 0.44%, 0, 0, 3, 100.21
1676175086, 0, 7, 22, 21, 10, 0.50%, 0, 0, 3, 97.33
1676175091, 0, 7, 26, 25, 10, 0.51%, 0, 0, 3, 96.26
1676175142, 0, 7, 27, 26, 10, 0.51%, 0, 0, 3, 89.83
1676175148, 0, 7, 28, 27, 10, 0.52%, 0, 0, 3, 88.92
1676175153, 0, 7, 29, 28, 10, 0.52%, 0, 0, 3, 87.71
1676175490, 0, 7, 29, 28, 10, 0.52%, 1, 0, 3, 100.59
1676175516, 0, 7, 30, 29, 10, 0.52%, 1, 0, 3, 101.32
1676175521, 0, 27, 30, 28, 16, 0.52%, 1, 0, 3, 101.20
1676175526, 0, 27, 31, 29, 16, 0.57%, 1, 0, 4, 100.83
1676175557, 0, 27, 37, 35, 16, 0.57%, 1, 0, 4, 99.98
1676175562, 0, 27, 42, 40, 16, 0.57%, 1, 0, 4, 99.85
1676175567, 0, 27, 45, 43, 16, 0.58%, 1, 0, 4, 97.20
1676175572, 0, 27, 46, 44, 16, 0.58%, 1, 0, 4, 96.59
1676175577, 0, 27, 47, 45, 16, 0.58%, 1, 0, 4, 98.15
1676175582, 0, 27, 49, 47, 16, 0.58%, 1, 0, 4, 110.39
1676175587, 0, 27, 52, 50, 16, 0.58%, 1, 0, 4, 112.72
1676175593, 0, 27, 53, 51, 16, 0.58%, 1, 0, 4, 113.25
1676175603, 0, 27, 54, 52, 16, 0.58%, 1, 0, 4, 110.84
1676175613, 0, 27, 55, 53, 16, 0.58%, 1, 0, 4, 113.37
1676175618, 0, 27, 57, 55, 16, 0.58%, 1, 0, 4, 113.70
1676175628, 0, 27, 59, 57, 16, 0.58%, 1, 0, 4, 113.50
1676175638, 0, 27, 60, 58, 16, 0.58%, 1, 0, 4, 110.85
1676175649, 0, 27, 61, 59, 16, 0.58%, 1, 0, 4, 112.78
1676175674, 0, 27, 62, 60, 16, 0.58%, 1, 0, 4, 109.82
