# unix_time, cycles_done, cur_path, paths_total, pending_total, pending_favs, map_size, unique_crashes, unique_hangs, max_depth, execs_per_sec
1676191747, 0, 0, 1, 1, 1, 0.16%, 0, 0, 1, 60.61
1676191752, 0, 0, 15, 15, 1, 0.19%, 0, 0, 2, 81.73
1676191757, 0, 0, 22, 22, 1, 0.20%, 0, 0, 2, 85.93
1676191767, 0, 0, 25, 25, 1, 0.21%, 0, 0, 2, 86.34
1676191803, 0, 0, 26, 26, 1, 0.21%, 0, 0, 2, 86.45
1676191865, 0, 0, 39, 39, 1, 0.23%, 0, 0, 2, 87.83
1676191870, 0, 0, 49, 49, 1, 0.23%, 0, 0, 2, 88.70
1676191875, 0, 0, 50, 50, 1, 0.23%, 0, 0, 2, 89.64
1676192884, 0, 0, 51, 51, 1, 0.23%, 0, 0, 2, 86.50
1676192889, 0, 0, 52, 52, 1, 0.23%, 0, 0, 2, 82.65
1676192975, 0, 1, 52, 51, 10, 0.23%, 0, 0, 2, 141.18
1676193016, 0, 18, 52, 50, 10, 0.23%, 0, 0, 2, 140.48
1676193042, 0, 22, 52, 49, 10, 0.23%, 0, 0, 2, 139.09
1676193077, 0, 25, 52, 48, 10, 0.23%, 0, 0, 2, 137.97
1676193098, 0, 25, 53, 49, 10, 0.23%, 0, 0, 3, 137.52
1676193108, 0, 28, 53, 48, 10, 0.23%, 0, 0, 3, 139.76
