# unix_time, cycles_done, cur_path, paths_total, pending_total, pending_favs, map_size, unique_crashes, unique_hangs, max_depth, execs_per_sec
1676217791, 0, 0, 1, 1, 1, 0.18%, 0, 0, 1, 70.80
1676217796, 0, 0, 21, 21, 1, 0.23%, 0, 0, 2, 127.68
1676217801, 0, 0, 24, 24, 1, 0.23%, 0, 0, 2, 139.94
1676217806, 0, 0, 33, 33, 1, 0.25%, 0, 0, 2, 142.43
1676217872, 0, 0, 49, 49, 1, 0.27%, 0, 0, 2, 144.04
1676217877, 0, 0, 51, 51, 1, 0.27%, 0, 0, 2, 143.67
1676217882, 0, 0, 52, 52, 1, 0.27%, 0, 0, 2, 145.21
1676217888, 0, 0, 53, 53, 1, 0.28%, 0, 0, 2, 145.54
1676217913, 0, 0, 54, 54, 1, 0.28%, 0, 0, 2, 145.54
1676217949, 0, 0, 55, 55, 1, 0.28%, 0, 0, 2, 145.71
1676218099, 0, 52, 55, 54, 14, 0.28%, 0, 0, 2, 143.69
1676218129, 0, 52, 57, 56, 14, 0.28%, 0, 0, 3, 142.40
1676218154, 1, 51, 57, 55, 13, 0.28%, 0, 0, 3, 141.28
1676218180, 2, 3, 57, 54, 12, 0.28%, 0, 0, 3, 140.45
1676218185, 2, 3, 58, 55, 12, 0.28%, 0, 0, 3, 141.70
1676218205, 2, 3, 59, 56, 12, 0.28%, 0, 0, 3, 141.69
1676218220, 2, 19, 59, 55, 11, 0.28%, 0, 0, 3, 142.03
