# unix_time, cycles_done, cur_path, paths_total, pending_total, pending_favs, map_size, unique_crashes, unique_hangs, max_depth, execs_per_sec
1676159528, 0, 0, 1, 1, 1, 0.12%, 0, 0, 1, 68.38
1676159533, 0, 0, 3, 3, 1, 0.13%, 0, 0, 2, 82.62
1676159543, 0, 0, 6, 6, 1, 0.16%, 0, 0, 2, 87.51
1676159548, 0, 0, 8, 8, 1, 0.18%, 0, 0, 2, 88.54
1676159553, 0, 0, 12, 12, 1, 0.18%, 0, 0, 2, 87.03
1676159564, 0, 0, 15, 15, 1, 0.19%, 0, 0, 2, 88.30
1676159574, 0, 0, 16, 16, 1, 0.19%, 0, 0, 2, 85.31
1676159579, 0, 0, 17, 17, 1, 0.19%, 0, 0, 2, 86.10
1676159584, 0, 0, 18, 18, 1, 0.20%, 0, 0, 2, 86.94
1676159589, 0, 0, 19, 19, 1, 0.20%, 0, 0, 2, 84.08
1676159600, 0, 0, 21, 21, 1, 0.20%, 0, 0, 2, 87.22
1676159605, 0, 0, 22, 22, 1, 0.20%, 0, 0, 2, 77.91
1676159610, 0, 0, 23, 23, 1, 0.20%, 0, 0, 2, 78.17
1676159620, 0, 0, 25, 25, 1, 0.20%, 0, 0, 2, 84.59
1676159707, 0, 0, 26, 26, 1, 0.20%, 0, 0, 2, 88.63
1676159738, 0, 22, 27, 26, 14, 0.20%, 0, 0, 3, 85.62
1676159749, 0, 22, 28, 27, 14, 0.20%, 0, 0, 3, 85.17
1676159764, 0, 22, 32, 31, 14, 0.20%, 0, 0, 3, 87.21
1676159769, 0, 22, 52, 51, 14, 0.20%, 0, 0, 3, 86.87
1676159774, 0, 22, 54, 53, 14, 0.20%, 0, 0, 3, 84.83
1676159779, 0, 22, 55, 54, 14, 0.20%, 1, 0, 3, 85.09
1676159795, 0, 22, 56, 55, 14, 0.21%, 1, 0, 3, 85.06
1676159810, 0, 22, 58, 57, 14, 0.21%, 1, 0, 3, 86.35
1676159826, 0, 22, 61, 60, 14, 0.22%, 1, 0, 3, 84.90
1676159836, 0, 22, 62, 61, 14, 0.22%, 1, 0, 3, 85.54
1676159898, 0, 22, 64, 63, 14, 0.22%, 1, 0, 3, 87.92
1676159903, 0, 22, 65, 64, 14, 0.22%, 1, 0, 3, 86.14
1676159908, 0, 22, 66, 65, 14, 0.22%, 1, 0, 3, 76.87
1676159924, 0, 22, 67, 66, 14, 0.22%, 1, 0, 3, 72.56
1676159944, 0, 22, 68, 67, 14, 0.22%, 1, 0, 3, 72.04
1676159954, 0, 22, 69, 68, 14, 0.22%, 1, 0, 3, 79.27
1676159970, 0, 54, 69, 67, 12, 0.22%, 1, 0, 3, 82.97
1676159975, 0, 54, 70, 68, 12, 0.22%, 1, 0, 4, 80.33
1676160021, 0, 54, 76, 74, 12, 0.22%, 1, 0, 4, 74.89
1676160026, 0, 54, 77, 75, 12, 0.22%, 1, 0, 4, 86.20
1676160032, 0, 54, 78, 76, 12, 0.22%, 1, 0, 4, 89.01
1676160037, 0, 54, 81, 79, 12, 0.22%, 1, 0, 4, 91.28
1676160042, 0, 54, 83, 81, 12, 0.22%, 1, 0, 4, 86.90
1676160057, 0, 54, 84, 82, 12, 0.22%, 1, 0, 4, 90.46
1676160068, 0, 54, 86, 84, 12, 0.22%, 1, 0, 4, 91.16
1676160093, 0, 54, 88, 86, 12, 0.22%, 1, 0, 4, 89.92
1676160098, 0, 54, 89, 87, 12, 0.22%, 1, 0, 4, 89.22
1676160109, 0, 54, 91, 89, 12, 0.22%, 1, 0, 4, 89.91
