# relative_time, cycles_done, cur_item, corpus_count, pending_total, pending_favs, map_size, saved_crashes, saved_hangs, max_depth, execs_per_sec, total_execs, edges_found
62, 0, 0, 9, 9, 1, 0.00%, 0, 0, 2, 11.49, 694, 183
67, 0, 0, 9, 9, 1, 0.00%, 0, 0, 2, 10.68, 747, 183
72, 0, 0, 9, 9, 1, 0.00%, 0, 0, 2, 9.22, 791, 183
77, 0, 0, 9, 9, 1, 0.00%, 0, 0, 2, 8.85, 835, 183
82, 0, 0, 9, 9, 1, 0.00%, 0, 0, 2, 8.01, 873, 183
88, 0, 0, 9, 9, 1, 0.00%, 0, 0, 2, 8.68, 917, 183
93, 0, 0, 10, 10, 1, 0.00%, 0, 0, 2, 9.28, 967, 185
98, 0, 0, 11, 11, 1, 0.00%, 0, 0, 2, 9.96, 1021, 186
103, 0, 0, 12, 12, 1, 0.00%, 0, 0, 2, 10.99, 1077, 189
108, 0, 0, 12, 12, 1, 0.00%, 0, 0, 2, 11.60, 1137, 189
113, 0, 0, 12, 12, 1, 0.00%, 0, 0, 2, 11.71, 1196, 189
118, 0, 0, 12, 12, 1, 0.00%, 0, 0, 2, 11.63, 1253, 189
123, 0, 0, 12, 12, 1, 0.00%, 0, 0, 2, 11.60, 1312, 189
128, 0, 0, 12, 12, 1, 0.00%, 0, 0, 2, 11.84, 1372, 189
134, 0, 0, 13, 13, 1, 0.00%, 0, 0, 2, 11.76, 1432, 190
139, 0, 0, 13, 13, 1, 0.00%, 0, 0, 2, 11.40, 1491, 190
144, 0, 0, 13, 13, 1, 0.00%, 0, 0, 2, 11.23, 1550, 190
149, 0, 0, 13, 13, 1, 0.00%, 0, 0, 2, 10.32, 1604, 190
155, 0, 0, 13, 13, 1, 0.00%, 0, 0, 2, 11.31, 1663, 190
160, 0, 0, 13, 13, 1, 0.00%, 0, 0, 2, 11.76, 1723, 190
165, 0, 0, 14, 14, 1, 0.00%, 0, 0, 2, 11.56, 1781, 190
170, 0, 0, 14, 14, 1, 0.00%, 0, 0, 2, 11.87, 1841, 190
175, 0, 0, 14, 14, 1, 0.00%, 0, 0, 2, 11.85, 1901, 190
180, 0, 0, 14, 14, 1, 0.00%, 0, 0, 2, 11.92, 1961, 190
185, 0, 0, 15, 15, 1, 0.00%, 0, 0, 2, 11.65, 2019, 193
190, 0, 0, 15, 15, 1, 0.00%, 0, 0, 2, 11.12, 2078, 193
195, 0, 0, 15, 15, 1, 0.00%, 0, 0, 2, 10.65, 2130, 193
200, 0, 0, 15, 15, 1, 0.00%, 0, 0, 2, 11.57, 2190, 193
206, 0, 0, 16, 16, 1, 0.00%, 0, 0, 2, 11.67, 2249, 195
211, 0, 0, 16, 16, 1, 0.00%, 0, 0, 2, 11.93, 2312, 195
216, 0, 0, 16, 16, 1, 0.00%, 0, 0, 2, 11.94, 2373, 195
221, 0, 0, 16, 16, 1, 0.00%, 0, 0, 2, 11.96, 2435, 195
226, 0, 0, 16, 16, 1, 0.00%, 0, 0, 2, 12.02, 2498, 195
231, 0, 0, 16, 16, 1, 0.00%, 0, 0, 2, 11.94, 2558, 195
237, 0, 0, 16, 16, 1, 0.00%, 0, 0, 2, 11.91, 2620, 195
242, 0, 0, 16, 16, 1, 0.00%, 0, 0, 2, 11.65, 2681, 195
247, 0, 0, 16, 16, 1, 0.00%, 0, 0, 2, 11.85, 2744, 195
253, 0, 0, 17, 17, 1, 0.00%, 0, 0, 2, 11.63, 2809, 196
258, 0, 0, 17, 17, 1, 0.00%, 0, 0, 2, 11.74, 2869, 196
263, 0, 0, 17, 17, 1, 0.00%, 0, 0, 2, 11.76, 2929, 196
268, 0, 0, 17, 17, 1, 0.00%, 0, 0, 2, 11.69, 2989, 196
273, 0, 0, 17, 17, 1, 0.00%, 0, 0, 2, 11.79, 3049, 196
278, 0, 0, 17, 17, 1, 0.00%, 0, 0, 2, 11.75, 3108, 196
283, 0, 0, 17, 17, 1, 0.00%, 0, 0, 2, 11.91, 3168, 196
288, 0, 0, 17, 17, 1, 0.00%, 0, 0, 2, 11.93, 3228, 196
294, 0, 0, 17, 17, 1, 0.00%, 0, 0, 2, 11.96, 3290, 196
299, 0, 0, 18, 18, 1, 0.00%, 0, 0, 2, 11.42, 3351, 197
305, 0, 0, 22, 22, 1, 0.00%, 0, 0, 2, 11.00, 3404, 222
310, 0, 0, 26, 26, 1, 0.00%, 0, 0, 2, 10.93, 3460, 226
315, 0, 0, 27, 27, 1, 0.00%, 0, 0, 2, 11.09, 3517, 227
320, 0, 0, 27, 27, 1, 0.00%, 0, 0, 2, 11.65, 3577, 227
325, 0, 0, 27, 27, 1, 0.00%, 0, 0, 2, 15.37, 3651, 227
331, 0, 0, 28, 28, 1, 0.00%, 0, 0, 2, 14.67, 3721, 229
336, 0, 0, 28, 28, 1, 0.00%, 0, 0, 2, 11.99, 3777, 229
341, 0, 0, 28, 28, 1, 0.00%, 0, 0, 2, 9.66, 3822, 229
346, 0, 0, 28, 28, 1, 0.00%, 0, 0, 2, 9.18, 3869, 229
351, 0, 0, 29, 29, 1, 0.00%, 0, 0, 2, 9.51, 3916, 231
356, 0, 0, 30, 30, 1, 0.00%, 0, 0, 2, 9.71, 3964, 233
361, 0, 0, 30, 30, 1, 0.00%, 0, 0, 2, 9.75, 4014, 233
366, 0, 0, 31, 31, 1, 0.00%, 0, 0, 2, 9.84, 4065, 233
371, 0, 0, 31, 31, 1, 0.00%, 0, 0, 2, 10.13, 4117, 233
377, 0, 0, 31, 31, 1, 0.00%, 0, 0, 2, 8.86, 4162, 233
382, 0, 0, 31, 31, 1, 0.00%, 0, 0, 2, 9.06, 4207, 233
387, 0, 0, 31, 31, 1, 0.00%, 0, 0, 2, 8.98, 4253, 233
392, 0, 0, 31, 31, 1, 0.00%, 0, 0, 2, 9.09, 4300, 233
397, 0, 0, 31, 31, 1, 0.00%, 0, 0, 2, 8.64, 4341, 233
402, 0, 0, 31, 31, 1, 0.00%, 0, 0, 2, 8.23, 4383, 233
408, 0, 0, 31, 31, 1, 0.00%, 0, 0, 2, 6.87, 4416, 233
413, 0, 0, 31, 31, 1, 0.00%, 0, 0, 2, 7.85, 4457, 233
418, 0, 0, 31, 31, 1, 0.00%, 0, 0, 2, 8.38, 4501, 233
423, 0, 0, 31, 31, 1, 0.00%, 0, 0, 2, 8.22, 4543, 233
428, 0, 0, 31, 31, 1, 0.00%, 0, 0, 2, 8.68, 4587, 233
433, 0, 0, 31, 31, 1, 0.00%, 0, 0, 2, 8.88, 4632, 233
438, 0, 0, 31, 31, 1, 0.00%, 0, 0, 2, 9.15, 4678, 233
443, 0, 0, 31, 31, 1, 0.00%, 0, 0, 2, 8.96, 4723, 233
448, 0, 0, 31, 31, 1, 0.00%, 0, 0, 2, 8.95, 4769, 233
453, 0, 0, 31, 31, 1, 0.00%, 0, 0, 2, 9.00, 4814, 233
458, 0, 0, 31, 31, 1, 0.00%, 0, 0, 2, 9.19, 4860, 233
463, 0, 0, 31, 31, 1, 0.00%, 0, 0, 2, 9.28, 4907, 233
469, 0, 0, 31, 31, 1, 0.00%, 0, 0, 2, 9.30, 4954, 233
474, 0, 0, 31, 31, 1, 0.00%, 0, 0, 2, 8.71, 4998, 233
479, 0, 0, 31, 31, 1, 0.00%, 0, 0, 2, 9.16, 5047, 233
484, 0, 0, 31, 31, 1, 0.00%, 0, 0, 2, 9.22, 5095, 233
489, 0, 0, 31, 31, 1, 0.00%, 0, 0, 2, 9.01, 5140, 233
494, 0, 22, 31, 29, 21, 0.00%, 0, 0, 2, 9.12, 5181, 233
499, 0, 22, 31, 29, 21, 0.00%, 0, 0, 2, 9.16, 5228, 233
504, 0, 22, 31, 29, 21, 0.00%, 0, 0, 2, 9.16, 5274, 233
509, 0, 22, 32, 30, 21, 0.00%, 0, 0, 3, 9.13, 5318, 235
514, 0, 22, 32, 30, 21, 0.00%, 0, 0, 3, 8.98, 5364, 235
520, 0, 8, 32, 29, 21, 0.00%, 0, 0, 3, 8.81, 5409, 235
525, 0, 8, 32, 29, 21, 0.00%, 0, 0, 3, 9.15, 5457, 235
530, 0, 8, 33, 30, 21, 0.00%, 0, 0, 3, 8.97, 5502, 235
535, 0, 8, 33, 30, 21, 0.00%, 0, 0, 3, 9.09, 5549, 235
540, 0, 8, 33, 30, 21, 0.00%, 0, 0, 3, 9.07, 5594, 235
546, 0, 8, 33, 30, 21, 0.00%, 0, 0, 3, 8.86, 5639, 235
551, 0, 18, 33, 29, 20, 0.00%, 0, 0, 3, 8.81, 5682, 235
556, 0, 18, 33, 29, 20, 0.00%, 0, 0, 3, 8.27, 5722, 235
561, 0, 18, 33, 29, 20, 0.00%, 0, 0, 3, 8.58, 5766, 235
566, 0, 18, 33, 29, 20, 0.00%, 0, 0, 3, 8.97, 5812, 235
571, 0, 18, 33, 29, 20, 0.00%, 0, 0, 3, 8.99, 5858, 235
576, 0, 7, 33, 28, 19, 0.00%, 0, 0, 3, 7.66, 5892, 235
581, 0, 7, 33, 28, 19, 0.00%, 0, 0, 3, 8.83, 5939, 235
586, 0, 7, 34, 29, 19, 0.00%, 0, 0, 3, 8.95, 5983, 237
591, 0, 7, 34, 29, 19, 0.00%, 0, 0, 3, 9.11, 6029, 237
596, 0, 7, 35, 30, 19, 0.00%, 0, 0, 3, 8.83, 6071, 237
598, 0, 7, 36, 31, 19, 0.00%, 0, 0, 3, 0.00, 6082, 246
