# unix_time, cycles_done, cur_path, paths_total, pending_total, pending_favs, map_size, unique_crashes, unique_hangs, max_depth, execs_per_sec
1676157727, 0, 0, 1, 1, 1, 0.10%, 0, 0, 1, 30.08
1676157733, 0, 0, 3, 3, 1, 0.11%, 0, 0, 2, 36.36
1676157763, 0, 0, 5, 5, 1, 0.12%, 0, 0, 2, 36.08
1676157768, 0, 0, 6, 6, 1, 0.15%, 0, 0, 2, 35.68
1676157779, 0, 0, 8, 8, 1, 0.15%, 0, 0, 2, 35.68
1676157784, 0, 0, 11, 11, 1, 0.17%, 0, 0, 2, 37.68
1676157789, 0, 0, 12, 12, 1, 0.17%, 0, 0, 2, 37.75
1676157835, 0, 0, 13, 13, 1, 0.18%, 0, 0, 2, 35.49
1676157876, 0, 0, 14, 14, 1, 0.18%, 0, 0, 2, 35.55
1676157886, 0, 0, 15, 15, 1, 0.18%, 0, 0, 2, 34.97
1676157891, 0, 0, 17, 17, 1, 0.18%, 0, 0, 2, 35.40
1676157911, 0, 0, 18, 18, 1, 0.18%, 0, 0, 2, 34.27
1676157937, 0, 0, 19, 19, 1, 0.18%, 0, 0, 2, 34.02
1676157947, 0, 15, 22, 21, 13, 0.18%, 0, 0, 3, 35.16
1676157952, 0, 15, 23, 22, 13, 0.18%, 0, 0, 3, 36.60
1676157973, 0, 15, 24, 23, 13, 0.18%, 0, 0, 3, 37.29
1676158014, 0, 15, 32, 31, 13, 0.18%, 0, 0, 3, 35.64
1676158019, 0, 15, 41, 40, 13, 0.18%, 0, 0, 3, 34.56
1676158024, 0, 15, 44, 43, 13, 0.18%, 0, 0, 3, 32.64
1676158029, 0, 15, 45, 44, 13, 0.18%, 0, 0, 3, 31.99
1676158034, 0, 15, 46, 45, 13, 0.18%, 0, 0, 3, 32.89
1676158039, 0, 15, 47, 46, 13, 0.18%, 0, 0, 3, 28.02
1676158060, 0, 15, 48, 47, 13, 0.19%, 0, 0, 3, 28.52
1676158131, 0, 15, 50, 49, 13, 0.19%, 0, 0, 3, 29.52
1676158152, 0, 15, 51, 50, 13, 0.19%, 0, 0, 3, 33.50
1676158162, 0, 15, 52, 51, 13, 0.19%, 0, 0, 3, 33.95
1676158224, 0, 46, 52, 50, 13, 0.19%, 0, 0, 3, 37.84
1676158229, 0, 46, 53, 51, 13, 0.19%, 0, 0, 4, 38.89
1676158234, 0, 46, 55, 53, 13, 0.19%, 0, 0, 4, 36.39
