# relative_time, cycles_done, cur_item, corpus_count, pending_total, pending_favs, map_size, saved_crashes, saved_hangs, max_depth, execs_per_sec, total_execs, edges_found
61, 1, 0, 11, 9, 0, 0.00%, 0, 0, 2, 20.09, 1237, 150
66, 1, 0, 11, 9, 0, 0.00%, 0, 0, 2, 20.34, 1342, 150
71, 1, 0, 12, 10, 0, 0.00%, 0, 0, 2, 20.13, 1442, 153
76, 1, 0, 12, 10, 0, 0.00%, 0, 0, 2, 20.10, 1543, 153
81, 1, 0, 12, 10, 0, 0.00%, 0, 0, 2, 20.26, 1648, 153
86, 1, 0, 13, 11, 0, 0.00%, 0, 0, 2, 20.32, 1750, 158
91, 1, 0, 13, 11, 0, 0.00%, 0, 0, 2, 20.38, 1853, 158
97, 1, 0, 13, 11, 0, 0.00%, 0, 0, 2, 20.42, 1960, 158
102, 1, 0, 13, 11, 0, 0.00%, 0, 0, 2, 20.16, 2064, 158
107, 1, 0, 17, 15, 0, 0.00%, 0, 0, 2, 19.52, 2162, 163
113, 1, 0, 21, 19, 0, 0.00%, 0, 0, 2, 19.41, 2266, 170
118, 1, 0, 22, 20, 0, 0.00%, 0, 0, 2, 19.95, 2370, 172
123, 1, 0, 23, 21, 0, 0.00%, 0, 0, 2, 20.06, 2471, 173
128, 1, 0, 31, 29, 0, 0.00%, 0, 0, 2, 18.98, 2569, 186
134, 1, 0, 36, 34, 0, 0.00%, 0, 0, 2, 18.73, 2661, 186
139, 1, 0, 39, 37, 0, 0.00%, 0, 0, 2, 19.18, 2760, 186
144, 1, 0, 44, 42, 0, 0.00%, 0, 0, 2, 19.26, 2860, 186
150, 1, 0, 49, 47, 0, 0.00%, 0, 0, 2, 19.02, 2959, 186
155, 1, 0, 54, 52, 0, 0.00%, 0, 0, 2, 19.09, 3054, 188
160, 1, 0, 59, 57, 0, 0.00%, 0, 0, 2, 19.21, 3148, 188
165, 1, 0, 63, 61, 0, 0.00%, 0, 0, 2, 19.22, 3240, 188
170, 1, 0, 63, 61, 0, 0.00%, 0, 0, 2, 19.84, 3342, 188
175, 1, 8, 63, 61, 18, 0.00%, 0, 0, 2, 20.01, 3443, 188
180, 1, 8, 64, 62, 18, 0.00%, 0, 0, 3, 19.93, 3544, 188
185, 1, 19, 64, 61, 17, 0.00%, 0, 0, 3, 19.99, 3644, 188
190, 1, 19, 65, 62, 17, 0.00%, 0, 0, 3, 19.80, 3745, 188
195, 1, 17, 65, 61, 16, 0.00%, 0, 0, 3, 19.54, 3845, 188
201, 1, 17, 67, 63, 16, 0.00%, 0, 0, 3, 19.35, 3946, 192
206, 1, 17, 68, 64, 16, 0.00%, 0, 0, 3, 19.67, 4044, 192
211, 1, 14, 68, 63, 16, 0.00%, 0, 0, 3, 19.58, 4146, 192
216, 1, 14, 68, 63, 16, 0.00%, 0, 0, 3, 19.83, 4248, 192
221, 1, 12, 69, 63, 15, 0.00%, 0, 0, 3, 19.70, 4349, 192
226, 1, 12, 69, 63, 15, 0.00%, 0, 0, 3, 19.82, 4450, 192
232, 1, 13, 69, 62, 14, 0.00%, 0, 0, 3, 20.06, 4554, 192
237, 1, 13, 69, 62, 14, 0.00%, 0, 0, 3, 20.14, 4658, 192
242, 1, 11, 69, 61, 13, 0.00%, 1, 0, 3, 20.05, 4760, 192
247, 1, 11, 69, 61, 13, 0.00%, 1, 0, 3, 19.87, 4862, 192
252, 1, 5, 69, 60, 12, 0.00%, 1, 0, 3, 20.02, 4966, 192
257, 1, 5, 69, 60, 12, 0.00%, 1, 0, 3, 19.73, 5068, 192
262, 1, 49, 69, 59, 11, 0.00%, 1, 0, 3, 19.28, 5168, 192
267, 1, 49, 70, 60, 11, 0.00%, 1, 0, 3, 19.54, 5266, 192
273, 1, 49, 71, 61, 11, 0.00%, 1, 0, 3, 19.82, 5368, 193
278, 1, 31, 71, 60, 11, 0.00%, 1, 0, 3, 19.02, 5468, 193
283, 1, 31, 71, 60, 11, 0.00%, 1, 0, 3, 19.64, 5569, 193
288, 1, 31, 72, 61, 11, 0.00%, 1, 0, 3, 19.69, 5669, 193
293, 1, 15, 72, 60, 10, 0.00%, 1, 0, 3, 19.63, 5767, 193
298, 1, 15, 72, 60, 10, 0.00%, 1, 0, 3, 20.00, 5870, 193
303, 1, 47, 72, 59, 9, 0.00%, 1, 0, 3, 19.75, 5970, 193
308, 1, 47, 72, 59, 9, 0.00%, 1, 0, 3, 19.99, 6074, 193
314, 1, 63, 72, 58, 9, 0.00%, 1, 0, 3, 19.25, 6172, 193
319, 1, 63, 72, 58, 9, 0.00%, 1, 0, 3, 19.73, 6273, 193
324, 1, 2, 72, 57, 8, 0.00%, 1, 0, 3, 19.44, 6374, 193
329, 1, 2, 72, 57, 8, 0.00%, 1, 0, 3, 19.98, 6477, 193
334, 1, 61, 72, 56, 7, 0.00%, 1, 0, 3, 19.67, 6578, 193
339, 1, 61, 72, 56, 7, 0.00%, 1, 0, 3, 19.84, 6679, 193
344, 1, 31, 72, 55, 6, 0.00%, 1, 0, 3, 19.97, 6783, 193
349, 1, 31, 72, 55, 6, 0.00%, 1, 0, 3, 19.97, 6884, 193
355, 1, 31, 72, 55, 6, 0.00%, 1, 0, 3, 19.98, 6986, 193
360, 1, 6, 72, 55, 6, 0.00%, 1, 0, 3, 20.02, 7086, 193
365, 1, 6, 72, 55, 6, 0.00%, 1, 0, 3, 19.87, 7188, 193
370, 1, 44, 72, 54, 5, 0.00%, 1, 0, 3, 19.83, 7288, 193
375, 1, 44, 72, 54, 5, 0.00%, 1, 0, 3, 20.05, 7391, 193
380, 1, 11, 72, 53, 4, 0.00%, 1, 0, 3, 19.80, 7489, 193
385, 1, 11, 72, 53, 4, 0.00%, 1, 0, 3, 20.25, 7596, 193
390, 1, 11, 72, 53, 4, 0.00%, 1, 0, 3, 20.08, 7701, 193
396, 1, 21, 72, 53, 4, 0.00%, 1, 0, 3, 20.12, 7806, 193
401, 1, 21, 73, 54, 4, 0.00%, 1, 0, 3, 19.96, 7907, 194
406, 1, 63, 73, 53, 4, 0.00%, 1, 0, 3, 20.40, 8009, 194
411, 1, 63, 73, 53, 4, 0.00%, 1, 0, 3, 20.13, 8113, 194
416, 1, 63, 73, 53, 4, 0.00%, 1, 0, 3, 19.93, 8214, 194
421, 1, 66, 73, 53, 4, 0.00%, 1, 0, 3, 19.84, 8317, 194
426, 1, 66, 73, 53, 4, 0.00%, 1, 0, 3, 19.97, 8420, 194
432, 1, 66, 74, 54, 4, 0.00%, 1, 0, 4, 20.02, 8523, 195
437, 1, 70, 74, 53, 4, 0.00%, 1, 0, 4, 19.58, 8624, 195
442, 1, 70, 75, 54, 4, 0.00%, 1, 0, 4, 19.74, 8724, 196
447, 1, 70, 75, 54, 4, 0.00%, 1, 0, 4, 19.94, 8827, 196
453, 1, 73, 76, 54, 4, 0.00%, 1, 0, 5, 19.32, 8933, 196
458, 1, 73, 82, 60, 4, 0.00%, 1, 0, 5, 18.81, 9029, 197
463, 1, 73, 82, 60, 4, 0.00%, 1, 0, 5, 19.39, 9130, 197
468, 1, 73, 83, 61, 4, 0.00%, 1, 0, 5, 19.53, 9227, 198
473, 1, 73, 83, 61, 4, 0.00%, 1, 0, 5, 19.84, 9330, 198
479, 1, 73, 84, 62, 4, 0.00%, 1, 0, 5, 19.68, 9429, 198
484, 1, 73, 84, 62, 4, 0.00%, 1, 0, 5, 19.71, 9529, 198
489, 1, 73, 85, 63, 4, 0.00%, 1, 0, 5, 19.80, 9629, 198
494, 1, 73, 86, 64, 4, 0.00%, 1, 0, 5, 19.88, 9731, 198
499, 1, 73, 86, 64, 4, 0.00%, 1, 0, 5, 19.95, 9834, 198
504, 1, 73, 86, 64, 4, 0.00%, 1, 0, 5, 19.96, 9938, 198
509, 1, 73, 87, 65, 4, 0.00%, 1, 0, 5, 19.80, 10038, 198
514, 1, 73, 87, 65, 4, 0.00%, 1, 0, 5, 19.82, 10140, 198
520, 1, 73, 87, 65, 4, 0.00%, 1, 0, 5, 19.94, 10243, 198
525, 1, 73, 88, 66, 4, 0.00%, 1, 0, 5, 19.52, 10344, 198
530, 1, 73, 90, 68, 4, 0.00%, 1, 0, 5, 19.52, 10442, 198
535, 1, 73, 90, 68, 4, 0.00%, 1, 0, 5, 19.87, 10545, 198
540, 1, 73, 90, 68, 4, 0.00%, 1, 0, 5, 19.86, 10646, 198
545, 1, 73, 90, 68, 4, 0.00%, 1, 0, 5, 19.84, 10745, 198
551, 1, 73, 91, 69, 4, 0.00%, 1, 0, 5, 19.65, 10849, 198
556, 1, 73, 92, 70, 4, 0.00%, 1, 0, 5, 19.28, 10947, 198
561, 1, 73, 92, 70, 4, 0.00%, 1, 0, 5, 19.26, 11043, 198
566, 1, 73, 92, 70, 4, 0.00%, 1, 0, 5, 19.13, 11139, 198
571, 1, 73, 92, 70, 4, 0.00%, 1, 0, 5, 19.41, 11239, 198
576, 1, 73, 93, 71, 4, 0.00%, 1, 0, 5, 19.42, 11337, 198
581, 1, 73, 93, 71, 4, 0.00%, 1, 0, 5, 17.42, 11424, 198
586, 1, 73, 94, 72, 4, 0.00%, 1, 0, 5, 21.22, 11531, 199
592, 1, 73, 95, 73, 4, 0.00%, 1, 0, 5, 23.95, 11664, 199
597, 1, 73, 95, 73, 4, 0.00%, 1, 0, 5, 24.96, 11796, 199
598, 1, 73, 95, 73, 4, 0.00%, 1, 0, 5, 24.11, 11822, 199
