# unix_time, cycles_done, cur_path, paths_total, pending_total, pending_favs, map_size, unique_crashes, unique_hangs, max_depth, execs_per_sec
1676193159, 0, 0, 1, 1, 1, 0.21%, 0, 0, 1, 83.33
1676193164, 0, 0, 25, 25, 1, 0.29%, 0, 0, 2, 121.67
1676193169, 0, 0, 37, 37, 1, 0.30%, 0, 0, 2, 128.58
1676193179, 0, 0, 41, 41, 1, 0.33%, 0, 0, 2, 129.98
1676193200, 0, 0, 42, 42, 1, 0.33%, 0, 0, 2, 127.87
1676193215, 0, 0, 43, 43, 1, 0.33%, 0, 0, 2, 129.96
1676193275, 0, 0, 63, 63, 1, 0.34%, 0, 0, 2, 132.96
1676193281, 0, 0, 85, 85, 1, 0.35%, 0, 0, 2, 133.65
1676193286, 0, 0, 88, 88, 1, 0.35%, 0, 0, 2, 132.47
1676193291, 0, 0, 90, 90, 1, 0.35%, 0, 0, 2, 131.60
1676193296, 0, 0, 92, 92, 1, 0.35%, 0, 0, 2, 133.98
1676193301, 0, 0, 93, 93, 1, 0.35%, 0, 0, 2, 132.72
1676193306, 0, 0, 96, 96, 1, 0.35%, 0, 0, 2, 133.48
1676193322, 0, 0, 97, 97, 1, 0.35%, 1, 0, 2, 132.93
1676193332, 0, 0, 98, 98, 1, 0.35%, 1, 0, 2, 132.85
1676193368, 0, 0, 99, 99, 1, 0.35%, 1, 0, 2, 134.75
1676193373, 0, 0, 101, 101, 1, 0.35%, 1, 0, 2, 133.82
