# unix_time, cycles_done, cur_path, paths_total, pending_total, pending_favs, map_size, unique_crashes, unique_hangs, max_depth, execs_per_sec
1676226019, 0, 0, 1, 1, 1, 0.40%, 0, 0, 1, 43.48
1676226024, 0, 0, 12, 12, 1, 0.45%, 0, 0, 2, 52.70
1676226029, 0, 0, 23, 23, 1, 0.49%, 0, 0, 2, 54.86
1676226034, 0, 0, 32, 32, 1, 0.49%, 0, 0, 2, 55.30
1676226040, 0, 0, 37, 37, 1, 0.49%, 0, 0, 2, 54.76
1676226045, 0, 0, 41, 41, 1, 0.51%, 0, 0, 2, 54.45
1676226050, 0, 0, 51, 51, 1, 0.51%, 0, 0, 2, 56.38
1676226055, 0, 0, 61, 61, 1, 0.51%, 0, 0, 2, 56.11
1676226060, 0, 0, 63, 63, 1, 0.51%, 0, 0, 2, 54.31
1676226065, 0, 0, 66, 66, 1, 0.51%, 0, 0, 2, 54.57
1676226086, 0, 0, 70, 70, 1, 0.54%, 0, 0, 2, 55.37
1676226091, 0, 0, 76, 76, 1, 0.56%, 0, 0, 2, 55.19
1676226137, 0, 0, 77, 77, 1, 0.56%, 0, 0, 2, 55.51
1676226381, 0, 0, 97, 97, 1, 0.59%, 0, 0, 2, 112.56
1676226387, 0, 0, 106, 106, 1, 0.59%, 0, 0, 2, 117.39
1676226392, 0, 0, 109, 109, 1, 0.59%, 0, 0, 2, 119.47
1676226397, 0, 0, 110, 110, 1, 0.59%, 0, 0, 2, 120.66
1676226402, 0, 0, 112, 112, 1, 0.59%, 0, 0, 2, 120.00
1676226407, 0, 0, 117, 117, 1, 0.59%, 0, 0, 2, 119.82
1676226412, 0, 0, 118, 118, 1, 0.59%, 0, 0, 2, 120.08
1676226417, 0, 0, 119, 119, 1, 0.59%, 0, 0, 2, 118.23
1676226422, 0, 0, 120, 120, 1, 0.59%, 0, 0, 2, 119.40
1676226433, 0, 0, 121, 121, 1, 0.59%, 1, 0, 2, 120.41
1676226443, 0, 0, 122, 122, 1, 0.59%, 1, 0, 2, 120.73
