# unix_time, cycles_done, cur_path, paths_total, pending_total, pending_favs, map_size, unique_crashes, unique_hangs, max_depth, execs_per_sec
1676169081, 0, 0, 1, 1, 1, 0.14%, 0, 0, 1, 60.15
1676169087, 0, 0, 4, 4, 1, 0.15%, 0, 0, 2, 75.12
1676169107, 0, 0, 7, 7, 1, 0.18%, 0, 0, 2, 77.72
1676169112, 0, 0, 8, 8, 1, 0.31%, 0, 0, 2, 80.58
1676169117, 0, 0, 10, 10, 1, 0.31%, 0, 0, 2, 80.06
1676169123, 0, 0, 11, 11, 1, 0.31%, 0, 0, 2, 78.53
1676169133, 0, 0, 12, 12, 1, 0.32%, 0, 0, 2, 80.21
1676169143, 0, 0, 13, 13, 1, 0.32%, 0, 0, 2, 78.88
1676169169, 0, 0, 14, 14, 1, 0.32%, 0, 0, 2, 78.00
1676169179, 0, 0, 15, 15, 1, 0.32%, 0, 0, 2, 80.98
1676169184, 0, 0, 16, 16, 1, 0.33%, 0, 0, 2, 72.36
1676169194, 0, 0, 17, 17, 1, 0.33%, 0, 0, 2, 72.67
1676169205, 0, 0, 18, 18, 1, 0.33%, 0, 0, 2, 77.68
1676169241, 0, 0, 19, 19, 1, 0.35%, 0, 0, 2, 81.32
1676169261, 0, 0, 20, 20, 1, 0.35%, 0, 0, 2, 79.51
1676169313, 0, 11, 20, 19, 12, 0.35%, 0, 0, 2, 81.61
1676169328, 0, 11, 24, 23, 12, 0.35%, 0, 0, 3, 74.68
1676169333, 0, 11, 25, 24, 12, 0.35%, 0, 0, 3, 74.63
1676169339, 0, 11, 25, 24, 12, 0.35%, 1, 0, 3, 77.97
1676169344, 0, 11, 26, 25, 12, 0.35%, 1, 0, 3, 78.54
1676169349, 0, 11, 27, 26, 12, 0.35%, 1, 0, 3, 77.61
1676169359, 0, 11, 29, 28, 12, 0.36%, 1, 0, 3, 76.19
1676169364, 0, 11, 33, 32, 12, 0.37%, 1, 0, 3, 76.35
1676169375, 0, 11, 34, 33, 12, 0.37%, 1, 0, 3, 75.86
1676169395, 0, 11, 35, 34, 12, 0.37%, 1, 0, 3, 75.09
1676169405, 0, 11, 37, 36, 12, 0.37%, 1, 0, 3, 78.81
1676169411, 0, 11, 38, 37, 12, 0.37%, 1, 0, 3, 79.03
1676169431, 0, 11, 39, 38, 12, 0.37%, 1, 0, 3, 72.47
1676169436, 0, 11, 40, 39, 12, 0.38%, 1, 0, 3, 75.08
1676169457, 0, 11, 41, 40, 12, 0.39%, 1, 0, 3, 72.80
1676169477, 0, 11, 42, 41, 12, 0.39%, 1, 0, 3, 80.55
1676169508, 0, 11, 43, 42, 12, 0.39%, 1, 0, 3, 76.97
1676169513, 0, 11, 44, 43, 12, 0.39%, 1, 0, 3, 78.67
1676169519, 0, 11, 45, 44, 12, 0.39%, 1, 0, 3, 80.54
1676169544, 0, 24, 46, 44, 16, 0.39%, 1, 0, 4, 77.15
1676169565, 0, 24, 47, 45, 16, 0.39%, 1, 0, 4, 80.96
1676169590, 0, 24, 51, 49, 16, 0.40%, 1, 0, 4, 79.52
1676169596, 0, 24, 53, 51, 16, 0.40%, 1, 0, 4, 81.44
1676169601, 0, 24, 54, 52, 16, 0.40%, 1, 0, 4, 81.04
1676169621, 0, 24, 55, 53, 16, 0.40%, 1, 0, 4, 75.14
1676169626, 0, 24, 56, 54, 16, 0.40%, 1, 0, 4, 78.19
