# relative_time, cycles_done, cur_item, corpus_count, pending_total, pending_favs, map_size, saved_crashes, saved_hangs, max_depth, execs_per_sec, total_execs, edges_found
61, 0, 0, 12, 12, 1, 0.00%, 0, 0, 2, 24.09, 1493, 142
66, 0, 0, 12, 12, 1, 0.00%, 0, 0, 2, 24.55, 1618, 142
72, 0, 0, 12, 12, 1, 0.00%, 0, 0, 2, 24.17, 1743, 142
77, 0, 0, 12, 12, 1, 0.00%, 0, 0, 2, 24.39, 1868, 142
82, 0, 0, 12, 12, 1, 0.00%, 0, 0, 2, 24.32, 1993, 142
87, 0, 0, 12, 12, 1, 0.00%, 0, 0, 2, 24.27, 2118, 142
92, 0, 0, 14, 14, 1, 0.00%, 0, 0, 2, 23.88, 2239, 148
97, 0, 0, 14, 14, 1, 0.00%, 0, 0, 2, 24.19, 2364, 148
103, 0, 0, 14, 14, 1, 0.00%, 0, 0, 2, 24.22, 2489, 148
108, 0, 0, 14, 14, 1, 0.00%, 0, 0, 2, 24.20, 2614, 148
113, 0, 0, 15, 15, 1, 0.00%, 0, 0, 2, 24.17, 2737, 149
118, 0, 0, 15, 15, 1, 0.00%, 0, 0, 2, 24.23, 2862, 149
123, 0, 0, 15, 15, 1, 0.00%, 0, 0, 2, 24.06, 2986, 149
128, 0, 0, 15, 15, 1, 0.00%, 0, 0, 2, 24.12, 3111, 149
134, 0, 0, 16, 16, 1, 0.00%, 0, 0, 2, 24.03, 3234, 149
139, 0, 0, 16, 16, 1, 0.00%, 0, 0, 2, 24.22, 3359, 149
144, 0, 0, 16, 16, 1, 0.00%, 0, 0, 2, 24.38, 3484, 149
149, 0, 0, 17, 17, 1, 0.00%, 0, 0, 2, 24.20, 3606, 150
154, 0, 0, 17, 17, 1, 0.00%, 0, 0, 2, 24.08, 3726, 150
159, 0, 0, 17, 17, 1, 0.00%, 0, 0, 2, 23.91, 3846, 150
164, 0, 0, 17, 17, 1, 0.00%, 0, 0, 2, 24.18, 3971, 150
169, 0, 0, 17, 17, 1, 0.00%, 0, 0, 2, 24.17, 4096, 150
174, 0, 0, 18, 18, 1, 0.00%, 0, 0, 2, 24.09, 4220, 150
180, 0, 0, 18, 18, 1, 0.00%, 0, 0, 2, 24.23, 4345, 150
185, 0, 0, 18, 18, 1, 0.00%, 0, 0, 2, 24.11, 4469, 150
190, 0, 0, 19, 19, 1, 0.00%, 0, 0, 2, 24.04, 4593, 151
195, 0, 0, 19, 19, 1, 0.00%, 0, 0, 2, 24.00, 4718, 151
200, 0, 0, 19, 19, 1, 0.00%, 0, 0, 2, 24.21, 4843, 151
205, 0, 0, 20, 20, 1, 0.00%, 0, 0, 2, 24.21, 4963, 151
211, 0, 0, 20, 20, 1, 0.00%, 0, 0, 2, 24.11, 5088, 151
216, 0, 0, 21, 21, 1, 0.00%, 0, 0, 2, 24.16, 5211, 151
221, 0, 0, 21, 21, 1, 0.00%, 0, 0, 2, 24.22, 5336, 151
226, 0, 0, 22, 22, 1, 0.00%, 0, 0, 2, 24.11, 5456, 152
231, 0, 0, 23, 23, 1, 0.00%, 0, 0, 2, 24.02, 5576, 153
236, 0, 0, 24, 24, 1, 0.00%, 0, 0, 2, 24.18, 5697, 155
241, 0, 0, 24, 24, 1, 0.00%, 0, 0, 2, 23.62, 5816, 155
246, 0, 0, 24, 24, 1, 0.00%, 0, 0, 2, 23.87, 5936, 155
251, 0, 0, 25, 25, 1, 0.00%, 0, 0, 2, 24.03, 6058, 157
256, 0, 0, 25, 25, 1, 0.00%, 0, 0, 2, 24.17, 6183, 157
261, 0, 0, 25, 25, 1, 0.00%, 0, 0, 2, 24.25, 6308, 157
267, 0, 0, 25, 25, 1, 0.00%, 0, 0, 2, 24.35, 6433, 157
272, 0, 0, 25, 25, 1, 0.00%, 0, 0, 2, 24.05, 6553, 157
277, 0, 0, 26, 26, 1, 0.00%, 0, 0, 2, 24.12, 6677, 157
282, 0, 0, 31, 31, 1, 0.00%, 0, 0, 2, 23.02, 6791, 164
287, 0, 0, 39, 39, 1, 0.00%, 0, 0, 2, 22.31, 6900, 166
292, 0, 0, 46, 46, 1, 0.00%, 0, 0, 2, 22.56, 7011, 170
297, 0, 0, 51, 51, 1, 0.00%, 0, 0, 2, 22.98, 7128, 170
302, 0, 0, 54, 54, 1, 0.00%, 0, 0, 2, 23.10, 7243, 170
308, 0, 0, 58, 58, 1, 0.00%, 0, 0, 2, 23.29, 7363, 170
313, 0, 0, 62, 62, 1, 0.00%, 0, 0, 2, 23.07, 7478, 170
318, 0, 0, 64, 64, 1, 0.00%, 0, 0, 2, 23.54, 7599, 170
323, 0, 0, 68, 68, 1, 0.00%, 0, 0, 2, 23.51, 7713, 171
328, 0, 0, 68, 68, 1, 0.00%, 0, 0, 2, 23.90, 7838, 171
333, 0, 0, 68, 68, 1, 0.00%, 0, 0, 2, 24.20, 7963, 171
338, 0, 0, 69, 69, 1, 0.00%, 0, 0, 2, 23.81, 8084, 171
343, 0, 0, 70, 70, 1, 0.00%, 0, 0, 2, 23.82, 8203, 171
348, 0, 0, 71, 71, 1, 0.00%, 0, 0, 2, 23.98, 8324, 171
354, 0, 0, 72, 72, 1, 0.00%, 0, 0, 2, 23.97, 8447, 171
359, 0, 0, 72, 72, 1, 0.00%, 0, 0, 2, 23.96, 8567, 171
364, 0, 0, 73, 73, 1, 0.00%, 0, 0, 2, 23.68, 8688, 173
369, 0, 0, 73, 73, 1, 0.00%, 0, 0, 2, 23.96, 8813, 173
374, 0, 65, 76, 75, 20, 0.00%, 0, 0, 3, 23.08, 8927, 174
379, 0, 65, 81, 80, 20, 0.00%, 0, 0, 3, 22.91, 9040, 177
384, 0, 65, 84, 83, 20, 0.00%, 0, 0, 3, 23.49, 9159, 178
390, 0, 65, 89, 88, 20, 0.00%, 0, 0, 3, 23.37, 9277, 179
395, 0, 65, 91, 90, 20, 0.00%, 0, 0, 3, 23.34, 9399, 179
400, 0, 65, 92, 91, 20, 0.00%, 0, 0, 3, 23.79, 9519, 180
405, 0, 65, 93, 92, 20, 0.00%, 0, 0, 3, 24.43, 9652, 180
411, 0, 65, 93, 92, 20, 0.00%, 0, 0, 3, 24.18, 9777, 180
416, 0, 65, 93, 92, 20, 0.00%, 0, 0, 3, 23.89, 9897, 180
421, 0, 65, 95, 94, 20, 0.00%, 0, 0, 3, 23.85, 10018, 182
426, 0, 65, 96, 95, 20, 0.00%, 0, 0, 3, 23.92, 10145, 182
431, 0, 65, 97, 96, 20, 0.00%, 0, 0, 3, 23.82, 10268, 182
437, 0, 65, 97, 96, 20, 0.00%, 0, 0, 3, 23.99, 10393, 182
442, 0, 65, 98, 97, 20, 0.00%, 0, 0, 3, 24.03, 10515, 182
447, 0, 65, 99, 98, 20, 0.00%, 0, 0, 3, 20.86, 10615, 182
452, 0, 65, 101, 100, 20, 0.00%, 0, 0, 3, 19.43, 10715, 183
457, 0, 65, 102, 101, 20, 0.00%, 0, 0, 3, 22.64, 10836, 183
462, 0, 65, 102, 101, 20, 0.00%, 0, 0, 3, 23.38, 10956, 183
467, 0, 65, 102, 101, 20, 0.00%, 0, 0, 3, 22.99, 11071, 183
472, 0, 65, 103, 102, 20, 0.00%, 0, 0, 3, 4.09, 11136, 183
478, 0, 65, 103, 102, 20, 0.00%, 0, 0, 3, 4.53, 11161, 183
483, 0, 65, 103, 102, 20, 0.00%, 0, 0, 3, 6.24, 11193, 183
488, 0, 65, 103, 102, 20, 0.00%, 0, 0, 3, 7.19, 11233, 183
493, 0, 65, 103, 102, 20, 0.00%, 0, 0, 3, 9.89, 11280, 183
498, 0, 65, 103, 102, 20, 0.00%, 0, 0, 3, 19.48, 11393, 183
503, 0, 65, 103, 102, 20, 0.00%, 0, 0, 3, 21.46, 11508, 183
508, 0, 65, 103, 102, 20, 0.00%, 0, 0, 3, 22.33, 11622, 183
513, 0, 65, 104, 103, 20, 0.00%, 0, 0, 3, 22.61, 11736, 183
518, 0, 65, 105, 104, 20, 0.00%, 0, 0, 3, 22.46, 11850, 183
524, 0, 65, 106, 105, 20, 0.00%, 0, 0, 3, 22.61, 11966, 183
529, 0, 65, 107, 106, 20, 0.00%, 0, 0, 3, 21.50, 12073, 183
534, 0, 65, 107, 106, 20, 0.00%, 0, 0, 3, 22.96, 12192, 183
539, 0, 65, 107, 106, 20, 0.00%, 0, 0, 3, 23.06, 12312, 183
544, 0, 65, 107, 106, 20, 0.00%, 0, 0, 3, 23.31, 12432, 183
549, 0, 65, 108, 107, 20, 0.00%, 0, 0, 3, 22.88, 12547, 183
554, 0, 65, 108, 107, 20, 0.00%, 0, 0, 3, 22.95, 12665, 183
560, 0, 65, 108, 107, 20, 0.00%, 0, 0, 3, 22.87, 12781, 183
565, 0, 65, 108, 107, 20, 0.00%, 0, 0, 3, 23.46, 12901, 183
570, 0, 65, 109, 108, 20, 0.00%, 0, 0, 3, 22.94, 13018, 183
575, 0, 65, 110, 109, 20, 0.00%, 0, 0, 3, 23.23, 13136, 183
580, 0, 65, 110, 109, 20, 0.00%, 0, 0, 3, 23.42, 13256, 183
585, 0, 65, 110, 109, 20, 0.00%, 0, 0, 3, 23.31, 13375, 183
590, 0, 65, 113, 112, 20, 0.00%, 0, 0, 3, 23.06, 13490, 183
595, 0, 65, 113, 112, 20, 0.00%, 0, 0, 3, 23.29, 13610, 183
598, 0, 65, 113, 112, 20, 0.00%, 0, 0, 3, 23.22, 13673, 183
