# unix_time, cycles_done, cur_path, paths_total, pending_total, pending_favs, map_size, unique_crashes, unique_hangs, max_depth, execs_per_sec
1676194959, 0, 0, 1, 1, 1, 0.32%, 0, 0, 1, 74.77
1676194965, 0, 0, 25, 25, 1, 0.40%, 0, 0, 2, 109.61
1676194970, 0, 0, 39, 39, 1, 0.44%, 0, 0, 2, 117.18
1676194975, 0, 0, 53, 53, 1, 0.44%, 0, 0, 2, 113.17
1676194980, 0, 0, 57, 57, 1, 0.44%, 0, 0, 2, 112.48
1676194990, 0, 0, 62, 62, 1, 0.49%, 0, 0, 2, 114.14
1676195031, 0, 0, 63, 63, 1, 0.49%, 0, 0, 2, 119.37
1676195041, 0, 0, 64, 64, 1, 0.50%, 0, 0, 2, 119.54
1676195138, 0, 0, 82, 82, 1, 0.51%, 0, 0, 2, 122.04
1676195143, 0, 0, 98, 98, 1, 0.51%, 0, 0, 2, 122.99
1676195148, 0, 0, 107, 107, 1, 0.51%, 0, 0, 2, 123.14
1676195153, 0, 0, 113, 113, 1, 0.51%, 0, 0, 2, 122.27
1676195158, 0, 0, 117, 117, 1, 0.51%, 0, 0, 2, 121.77
1676195163, 0, 0, 121, 121, 1, 0.51%, 0, 0, 2, 121.72
1676195168, 0, 0, 123, 123, 1, 0.51%, 0, 0, 2, 123.44
1676195173, 0, 0, 124, 124, 1, 0.51%, 0, 0, 2, 123.39
1676195178, 0, 0, 125, 125, 1, 0.51%, 0, 0, 2, 124.10
1676195184, 0, 0, 126, 126, 1, 0.51%, 0, 0, 2, 123.72
1676195194, 0, 0, 127, 127, 1, 0.51%, 0, 0, 2, 123.89
1676195204, 0, 0, 128, 128, 1, 0.51%, 0, 0, 2, 123.83
1676195214, 0, 0, 129, 129, 1, 0.51%, 0, 0, 2, 123.44
1676195219, 0, 0, 130, 130, 1, 0.51%, 0, 0, 2, 123.59
1676195229, 0, 0, 131, 131, 1, 0.51%, 0, 0, 2, 123.65
1676195249, 0, 0, 133, 133, 1, 0.51%, 0, 0, 2, 123.41
1676195254, 0, 0, 134, 134, 1, 0.51%, 1, 0, 2, 123.78
1676196347, 0, 0, 135, 135, 1, 0.51%, 1, 0, 2, 108.08
1676196357, 0, 0, 136, 136, 1, 0.51%, 1, 0, 2, 121.50
1676196362, 0, 0, 137, 137, 1, 0.51%, 1, 0, 2, 124.99
1676198610, 0, 0, 138, 138, 1, 0.51%, 1, 0, 2, 124.78
