# relative_time, cycles_done, cur_item, corpus_count, pending_total, pending_favs, map_size, saved_crashes, saved_hangs, max_depth, execs_per_sec, total_execs, edges_found
333, 0, 0, 10, 10, 1, 0.00%, 0, 0, 2, 0.01, 826, 105
338, 0, 0, 11, 11, 1, 0.00%, 0, 0, 2, 24.85, 953, 113
343, 0, 0, 11, 11, 1, 0.00%, 0, 0, 2, 25.59, 1085, 113
348, 0, 0, 12, 12, 1, 0.00%, 0, 0, 2, 25.75, 1218, 114
353, 0, 0, 13, 13, 1, 0.00%, 0, 0, 2, 25.61, 1345, 115
358, 0, 0, 14, 14, 1, 0.00%, 0, 0, 2, 24.89, 1470, 115
662, 0, 0, 15, 15, 1, 0.00%, 0, 0, 2, 0.01, 1582, 116
667, 0, 0, 16, 16, 1, 0.00%, 0, 0, 2, 23.17, 1708, 116
672, 0, 0, 17, 17, 1, 0.00%, 0, 0, 2, 25.01, 1838, 118
677, 0, 0, 17, 17, 1, 0.00%, 0, 0, 2, 25.65, 1970, 118
682, 0, 0, 17, 17, 1, 0.00%, 0, 0, 2, 25.66, 2101, 118
687, 0, 0, 17, 17, 1, 0.00%, 0, 0, 2, 25.81, 2233, 118
692, 0, 0, 18, 18, 1, 0.00%, 0, 0, 2, 25.72, 2363, 118
697, 0, 0, 18, 18, 1, 0.00%, 0, 0, 2, 25.79, 2494, 118
703, 0, 0, 18, 18, 1, 0.00%, 0, 0, 2, 25.87, 2626, 118
708, 0, 0, 18, 18, 1, 0.00%, 0, 0, 2, 25.89, 2758, 118
713, 0, 0, 18, 18, 1, 0.00%, 0, 0, 2, 25.83, 2890, 118
718, 0, 0, 18, 18, 1, 0.00%, 0, 0, 2, 21.95, 3012, 118
1021, 0, 0, 18, 18, 1, 0.00%, 0, 0, 2, 0.02, 3113, 118
1026, 0, 0, 18, 18, 1, 0.00%, 0, 0, 2, 24.12, 3241, 118
1031, 0, 0, 19, 19, 1, 0.00%, 0, 0, 2, 25.13, 3371, 119
1036, 0, 0, 19, 19, 1, 0.00%, 0, 0, 2, 25.65, 3503, 119
1041, 0, 0, 20, 20, 1, 0.00%, 0, 0, 2, 25.54, 3632, 119
1046, 0, 0, 20, 20, 1, 0.00%, 0, 0, 2, 25.76, 3764, 119
1051, 0, 0, 21, 21, 1, 0.00%, 0, 0, 2, 25.39, 3893, 120
1057, 0, 0, 21, 21, 1, 0.00%, 0, 0, 2, 25.62, 4023, 120
1062, 0, 0, 21, 21, 1, 0.00%, 0, 0, 2, 24.60, 4144, 120
1067, 0, 0, 21, 21, 1, 0.00%, 0, 0, 2, 25.55, 4275, 120
1072, 0, 0, 21, 21, 1, 0.00%, 0, 0, 2, 25.74, 4407, 120
1077, 0, 0, 21, 21, 1, 0.00%, 0, 0, 2, 25.82, 4539, 120
1201, 0, 0, 21, 21, 1, 0.00%, 0, 0, 2, 0.03, 4645, 120
1206, 0, 0, 21, 21, 1, 0.00%, 0, 0, 2, 24.03, 4773, 120
1211, 0, 0, 21, 21, 1, 0.00%, 0, 0, 2, 25.34, 4905, 120
1216, 0, 0, 22, 22, 1, 0.00%, 0, 0, 2, 25.68, 5038, 121
1221, 0, 0, 22, 22, 1, 0.00%, 0, 0, 2, 25.84, 5170, 121
1226, 0, 0, 22, 22, 1, 0.00%, 0, 0, 2, 25.76, 5301, 121
1232, 0, 0, 22, 22, 1, 0.00%, 0, 0, 2, 25.85, 5433, 121
1237, 0, 0, 22, 22, 1, 0.00%, 0, 0, 2, 25.84, 5564, 121
1242, 0, 0, 22, 22, 1, 0.00%, 0, 0, 2, 25.86, 5696, 121
1247, 0, 0, 22, 22, 1, 0.00%, 0, 0, 2, 25.89, 5828, 121
1252, 0, 0, 22, 22, 1, 0.00%, 0, 0, 2, 25.89, 5960, 121
1257, 0, 0, 22, 22, 1, 0.00%, 0, 0, 2, 25.90, 6092, 121
1262, 0, 0, 22, 22, 1, 0.00%, 0, 0, 2, 25.53, 6222, 121
1267, 0, 0, 22, 22, 1, 0.00%, 0, 0, 2, 25.77, 6353, 121
1272, 0, 0, 22, 22, 1, 0.00%, 0, 0, 2, 25.79, 6485, 121
1277, 0, 0, 22, 22, 1, 0.00%, 0, 0, 2, 25.86, 6616, 121
1282, 0, 0, 24, 24, 1, 0.00%, 0, 0, 2, 25.43, 6742, 123
1288, 0, 0, 28, 28, 1, 0.00%, 0, 0, 2, 25.11, 6868, 129
1293, 0, 0, 30, 30, 1, 0.00%, 0, 0, 2, 25.28, 6997, 129
1298, 0, 0, 30, 30, 1, 0.00%, 0, 0, 2, 25.56, 7126, 129
1303, 0, 0, 30, 30, 1, 0.00%, 0, 0, 2, 25.77, 7258, 129
1308, 0, 0, 33, 33, 1, 0.00%, 0, 0, 2, 25.41, 7384, 129
1313, 0, 0, 34, 34, 1, 0.00%, 0, 0, 2, 25.66, 7517, 129
1318, 0, 0, 34, 34, 1, 0.00%, 0, 0, 2, 25.80, 7649, 129
1323, 0, 0, 34, 34, 1, 0.00%, 0, 0, 2, 25.66, 7780, 129
1328, 0, 0, 34, 34, 1, 0.00%, 0, 0, 2, 25.73, 7911, 129
1334, 0, 0, 34, 34, 1, 0.00%, 0, 0, 2, 25.82, 8043, 129
1339, 0, 0, 34, 34, 1, 0.00%, 0, 0, 2, 25.75, 8175, 129
1344, 0, 0, 34, 34, 1, 0.00%, 0, 0, 2, 25.82, 8307, 129
1349, 0, 0, 37, 37, 1, 0.00%, 0, 0, 2, 25.31, 8434, 129
1354, 0, 0, 39, 39, 1, 0.00%, 0, 0, 2, 25.34, 8565, 131
1359, 0, 0, 39, 39, 1, 0.00%, 0, 0, 2, 25.54, 8696, 131
1364, 0, 0, 41, 41, 1, 0.00%, 0, 0, 2, 25.43, 8824, 131
1369, 0, 0, 41, 41, 1, 0.00%, 0, 0, 2, 25.76, 8956, 131
1375, 0, 0, 41, 41, 1, 0.00%, 0, 0, 2, 25.71, 9088, 131
1380, 0, 0, 41, 41, 1, 0.00%, 0, 0, 2, 25.72, 9219, 131
1385, 0, 0, 41, 41, 1, 0.00%, 0, 0, 2, 25.68, 9350, 131
1390, 0, 0, 41, 41, 1, 0.00%, 0, 0, 2, 25.60, 9481, 131
1395, 0, 0, 41, 41, 1, 0.00%, 0, 0, 2, 25.75, 9613, 131
1400, 0, 0, 41, 41, 1, 0.00%, 0, 0, 2, 25.78, 9745, 131
1405, 0, 0, 41, 41, 1, 0.00%, 0, 0, 2, 25.70, 9875, 131
1410, 0, 0, 42, 42, 1, 0.00%, 1, 0, 2, 25.48, 10002, 133
1415, 0, 9, 42, 41, 18, 0.00%, 1, 0, 2, 25.32, 10131, 133
1420, 0, 9, 42, 41, 18, 0.00%, 1, 0, 2, 25.33, 10260, 133
1425, 0, 23, 42, 40, 17, 0.00%, 1, 0, 2, 25.52, 10390, 133
1431, 0, 23, 43, 41, 17, 0.00%, 1, 0, 3, 25.44, 10518, 135
1436, 0, 14, 43, 40, 17, 0.00%, 1, 0, 3, 25.04, 10646, 135
1441, 0, 14, 43, 40, 17, 0.00%, 1, 0, 3, 25.47, 10778, 135
1446, 0, 1, 43, 39, 16, 0.00%, 1, 0, 3, 25.21, 10906, 135
1451, 0, 1, 43, 39, 16, 0.00%, 1, 0, 3, 25.39, 11037, 135
1456, 0, 4, 43, 38, 15, 0.00%, 1, 0, 3, 25.41, 11168, 135
1461, 0, 11, 43, 37, 14, 0.00%, 1, 0, 3, 25.20, 11296, 135
1466, 0, 11, 43, 37, 14, 0.00%, 1, 0, 3, 25.56, 11427, 135
1472, 0, 12, 43, 36, 13, 0.00%, 1, 0, 3, 25.52, 11558, 135
1477, 0, 12, 43, 36, 13, 0.00%, 1, 0, 3, 25.72, 11690, 135
1482, 0, 21, 43, 35, 12, 0.00%, 1, 0, 3, 25.57, 11820, 135
1487, 0, 21, 43, 35, 12, 0.00%, 1, 0, 3, 25.58, 11950, 135
1492, 0, 17, 43, 34, 11, 0.00%, 1, 0, 3, 25.75, 12082, 135
1497, 0, 27, 43, 33, 10, 0.00%, 1, 0, 3, 25.80, 12214, 135
1502, 0, 27, 43, 33, 10, 0.00%, 1, 0, 3, 25.71, 12345, 135
1507, 0, 16, 43, 32, 9, 0.00%, 1, 0, 3, 25.74, 12477, 135
1512, 0, 16, 43, 32, 9, 0.00%, 1, 0, 3, 25.88, 12609, 135
1517, 0, 18, 43, 31, 8, 0.00%, 1, 0, 3, 25.72, 12739, 135
1523, 0, 18, 43, 31, 8, 0.00%, 1, 0, 3, 25.67, 12870, 135
1528, 0, 42, 43, 30, 7, 0.00%, 1, 0, 3, 25.13, 12997, 135
1533, 0, 42, 43, 30, 7, 0.00%, 1, 0, 3, 25.54, 13126, 135
1538, 0, 2, 43, 29, 6, 0.00%, 1, 0, 3, 25.53, 13258, 135
1543, 0, 2, 44, 30, 6, 0.00%, 1, 0, 3, 25.51, 13385, 136
1548, 0, 24, 44, 29, 6, 0.00%, 1, 0, 3, 25.04, 13512, 136
1553, 0, 24, 44, 29, 6, 0.00%, 1, 0, 3, 25.58, 13644, 136
1558, 0, 43, 45, 29, 5, 0.00%, 1, 0, 4, 25.08, 13769, 136
1563, 0, 43, 49, 33, 5, 0.00%, 1, 0, 4, 25.05, 13895, 137
1568, 0, 43, 51, 35, 5, 0.00%, 1, 0, 4, 25.33, 14021, 139
1573, 0, 43, 52, 36, 5, 0.00%, 1, 0, 4, 25.47, 14152, 139
1579, 0, 43, 52, 36, 5, 0.00%, 1, 0, 4, 25.52, 14281, 139
1584, 0, 43, 54, 38, 5, 0.00%, 1, 0, 4, 25.48, 14411, 141
1589, 0, 43, 55, 39, 5, 0.00%, 1, 0, 4, 25.51, 14539, 141
1594, 0, 43, 55, 39, 5, 0.00%, 1, 0, 4, 25.30, 14667, 141
1599, 0, 43, 57, 41, 5, 0.00%, 1, 0, 4, 25.34, 14796, 141
1604, 0, 43, 57, 41, 5, 0.00%, 1, 0, 4, 25.58, 14928, 141
1609, 0, 43, 57, 41, 5, 0.00%, 1, 0, 4, 25.62, 15059, 141
1614, 0, 43, 57, 41, 5, 0.00%, 1, 0, 4, 25.67, 15191, 141
1616, 0, 43, 57, 41, 5, 0.00%, 1, 0, 4, 25.11, 15228, 141
