# unix_time, cycles_done, cur_path, paths_total, pending_total, pending_favs, map_size, unique_crashes, unique_hangs, max_depth, execs_per_sec
1676207297, 0, 0, 1, 1, 1, 0.11%, 0, 0, 1, 85.11
1676207302, 0, 0, 13, 13, 1, 0.22%, 0, 0, 2, 132.90
1676207307, 0, 0, 14, 14, 1, 0.23%, 0, 0, 2, 142.72
1676207313, 0, 0, 22, 22, 1, 0.24%, 0, 0, 2, 144.57
1676207318, 0, 0, 23, 23, 1, 0.24%, 0, 0, 2, 144.07
1676207323, 0, 0, 24, 24, 1, 0.24%, 0, 0, 2, 144.15
1676207328, 0, 0, 25, 25, 1, 0.25%, 0, 0, 2, 145.29
1676207333, 0, 0, 26, 26, 1, 0.25%, 0, 0, 2, 145.41
1676207348, 0, 0, 27, 27, 1, 0.25%, 0, 0, 2, 144.31
1676207379, 0, 0, 55, 55, 1, 0.28%, 0, 0, 2, 145.34
1676207384, 0, 0, 73, 73, 1, 0.29%, 0, 0, 2, 145.03
1676207389, 0, 0, 81, 81, 1, 0.29%, 0, 0, 2, 145.22
1676207394, 0, 0, 86, 86, 1, 0.29%, 0, 0, 2, 145.10
1676207400, 0, 0, 90, 90, 1, 0.29%, 0, 0, 2, 145.09
1676207405, 0, 0, 91, 91, 1, 0.29%, 0, 0, 2, 145.61
1676207410, 0, 0, 95, 95, 1, 0.29%, 0, 0, 2, 145.77
1676207420, 0, 0, 98, 98, 1, 0.29%, 0, 0, 2, 145.90
1676207425, 0, 0, 100, 100, 1, 0.29%, 0, 0, 2, 146.02
1676207430, 0, 0, 102, 102, 1, 0.29%, 0, 0, 2, 145.54
1676207436, 0, 0, 103, 103, 1, 0.29%, 0, 0, 2, 145.36
1676207451, 0, 0, 104, 104, 1, 0.29%, 0, 0, 2, 145.45
1676207456, 0, 0, 105, 105, 1, 0.29%, 0, 0, 2, 145.65
1676207461, 0, 0, 107, 107, 1, 0.29%, 0, 0, 2, 145.38
1676207472, 0, 0, 108, 108, 1, 0.29%, 0, 0, 2, 144.93
1676207503, 0, 0, 109, 109, 1, 0.29%, 0, 0, 2, 145.56
1676207508, 0, 0, 110, 110, 1, 0.29%, 0, 0, 2, 145.26
1676207513, 0, 0, 111, 111, 1, 0.29%, 0, 0, 2, 145.16
1676207534, 0, 0, 112, 112, 1, 0.29%, 0, 0, 2, 145.55
1676207544, 0, 0, 113, 113, 1, 0.29%, 0, 0, 2, 145.79
1676207590, 0, 0, 114, 114, 1, 0.29%, 0, 0, 2, 145.52
1676207601, 0, 0, 114, 114, 1, 0.29%, 1, 0, 2, 145.42
1676207611, 0, 105, 115, 114, 26, 0.29%, 1, 0, 3, 141.90
1676207667, 0, 105, 118, 117, 26, 0.29%, 1, 0, 3, 140.72
1676207672, 0, 105, 124, 123, 26, 0.29%, 1, 0, 3, 140.32
1676207677, 0, 105, 126, 125, 26, 0.29%, 1, 0, 3, 140.14
1676207692, 0, 105, 128, 127, 26, 0.29%, 1, 0, 3, 140.18
1676207703, 0, 105, 129, 128, 26, 0.29%, 1, 0, 3, 140.30
1676207708, 0, 105, 130, 129, 26, 0.29%, 1, 0, 3, 140.14
1676207713, 0, 105, 131, 130, 26, 0.29%, 1, 0, 3, 140.24
1676207728, 0, 105, 132, 131, 26, 0.29%, 1, 0, 3, 140.02
1676207734, 0, 105, 133, 132, 26, 0.29%, 1, 0, 3, 140.35
