# unix_time, cycles_done, cur_path, paths_total, pending_total, pending_favs, map_size, unique_crashes, unique_hangs, max_depth, execs_per_sec
1676157127, 0, 0, 1, 1, 1, 0.09%, 0, 0, 1, 38.28
1676157132, 0, 0, 3, 3, 1, 0.10%, 0, 0, 2, 41.00
1676157158, 0, 0, 5, 5, 1, 0.14%, 0, 0, 2, 45.70
1676157163, 0, 0, 7, 7, 1, 0.15%, 0, 0, 2, 45.21
1676157173, 0, 0, 8, 8, 1, 0.15%, 0, 0, 2, 43.94
1676157178, 0, 0, 10, 10, 1, 0.16%, 0, 0, 2, 45.19
1676157183, 0, 0, 11, 11, 1, 0.16%, 0, 0, 2, 45.40
1676157224, 0, 0, 12, 12, 1, 0.16%, 0, 0, 2, 44.45
1676157255, 0, 0, 13, 13, 1, 0.16%, 0, 0, 2, 45.42
1676157265, 0, 0, 14, 14, 1, 0.16%, 0, 0, 2, 49.15
1676157270, 0, 0, 15, 15, 1, 0.16%, 0, 0, 2, 45.60
1676157280, 0, 0, 16, 16, 1, 0.16%, 0, 0, 2, 44.28
1676157301, 0, 6, 16, 15, 9, 0.16%, 0, 0, 2, 44.87
1676157336, 0, 6, 19, 18, 9, 0.16%, 0, 0, 3, 43.65
1676157341, 0, 6, 27, 26, 9, 0.16%, 0, 0, 3, 42.55
1676157347, 0, 6, 32, 31, 9, 0.16%, 0, 0, 3, 41.11
1676157357, 0, 6, 33, 32, 9, 0.17%, 0, 0, 3, 42.54
1676157367, 0, 6, 34, 33, 9, 0.17%, 0, 0, 3, 43.02
1676157393, 0, 6, 35, 34, 9, 0.17%, 0, 0, 3, 41.79
1676157398, 0, 6, 36, 35, 9, 0.17%, 0, 0, 3, 42.88
1676157403, 0, 6, 37, 36, 9, 0.17%, 0, 0, 3, 42.73
1676157454, 0, 6, 38, 37, 9, 0.18%, 0, 0, 3, 41.27
1676157459, 0, 6, 39, 38, 9, 0.18%, 0, 0, 3, 42.48
1676157499, 0, 35, 40, 38, 10, 0.18%, 0, 0, 4, 37.13
1676157510, 0, 35, 41, 39, 10, 0.18%, 0, 0, 4, 50.26
1676157515, 0, 35, 42, 40, 10, 0.18%, 0, 0, 4, 43.70
1676157520, 0, 35, 43, 41, 10, 0.18%, 0, 0, 4, 37.74
