# relative_time, cycles_done, cur_item, corpus_count, pending_total, pending_favs, map_size, saved_crashes, saved_hangs, max_depth, execs_per_sec, total_execs, edges_found
61, 0, 0, 21, 21, 1, 0.00%, 0, 0, 2, 20.17, 1242, 162
67, 0, 0, 22, 22, 1, 0.00%, 0, 0, 2, 20.38, 1347, 163
72, 0, 0, 23, 23, 1, 0.00%, 0, 0, 2, 20.33, 1449, 163
77, 0, 0, 24, 24, 1, 0.00%, 0, 0, 2, 19.85, 1554, 163
82, 0, 0, 25, 25, 1, 0.00%, 0, 0, 2, 20.25, 1656, 163
87, 0, 0, 26, 26, 1, 0.00%, 0, 0, 2, 20.44, 1762, 164
93, 0, 0, 27, 27, 1, 0.00%, 0, 0, 2, 20.48, 1867, 164
98, 0, 0, 27, 27, 1, 0.00%, 0, 0, 2, 20.52, 1970, 164
103, 0, 0, 28, 28, 1, 0.00%, 0, 0, 2, 20.17, 2073, 166
108, 0, 0, 29, 29, 1, 0.00%, 0, 0, 2, 19.91, 2175, 166
113, 0, 0, 32, 32, 1, 0.00%, 0, 0, 2, 19.77, 2277, 167
118, 0, 0, 33, 33, 1, 0.00%, 0, 0, 2, 20.09, 2380, 167
124, 0, 2, 35, 34, 19, 0.00%, 0, 0, 3, 19.58, 2487, 167
129, 0, 2, 38, 37, 19, 0.00%, 0, 0, 3, 19.38, 2583, 169
134, 0, 2, 41, 40, 19, 0.00%, 0, 0, 3, 19.42, 2681, 170
139, 0, 2, 41, 40, 19, 0.00%, 0, 0, 3, 19.93, 2785, 170
144, 0, 2, 46, 45, 19, 0.00%, 0, 0, 3, 19.67, 2883, 172
150, 0, 2, 47, 46, 19, 0.00%, 0, 0, 3, 20.20, 2985, 172
155, 0, 2, 49, 48, 19, 0.00%, 0, 0, 3, 20.18, 3088, 172
160, 0, 2, 49, 48, 19, 0.00%, 0, 0, 3, 20.43, 3192, 172
165, 0, 2, 49, 48, 19, 0.00%, 0, 0, 3, 20.52, 3297, 172
170, 0, 2, 49, 48, 19, 0.00%, 0, 0, 3, 20.38, 3400, 172
175, 0, 2, 49, 48, 19, 0.00%, 0, 0, 3, 20.46, 3503, 172
180, 0, 2, 50, 49, 19, 0.00%, 0, 0, 3, 20.13, 3605, 172
185, 0, 2, 51, 50, 19, 0.00%, 0, 0, 3, 20.28, 3710, 172
190, 0, 2, 51, 50, 19, 0.00%, 0, 0, 3, 20.48, 3813, 172
195, 0, 2, 54, 53, 19, 0.00%, 0, 0, 3, 19.74, 3909, 172
201, 0, 2, 54, 53, 19, 0.00%, 0, 0, 3, 19.83, 4011, 172
206, 0, 2, 54, 53, 19, 0.00%, 0, 0, 3, 20.24, 4113, 172
211, 0, 2, 56, 55, 19, 0.00%, 0, 0, 3, 20.12, 4214, 172
216, 0, 2, 56, 55, 19, 0.00%, 0, 0, 3, 20.40, 4319, 172
221, 0, 40, 57, 54, 19, 0.00%, 0, 0, 3, 19.91, 4419, 172
226, 0, 40, 57, 54, 19, 0.00%, 0, 0, 3, 20.18, 4523, 172
231, 0, 40, 58, 55, 19, 0.00%, 0, 0, 4, 20.10, 4626, 174
236, 0, 9, 59, 55, 19, 0.00%, 0, 0, 4, 19.76, 4724, 175
241, 0, 9, 59, 55, 19, 0.00%, 0, 0, 4, 20.14, 4827, 175
246, 0, 28, 59, 54, 18, 0.00%, 0, 0, 4, 19.89, 4929, 175
252, 0, 28, 59, 54, 18, 0.00%, 0, 0, 4, 19.87, 5033, 175
257, 0, 46, 59, 53, 17, 0.00%, 0, 0, 4, 19.96, 5133, 175
262, 0, 46, 59, 53, 17, 0.00%, 1, 0, 4, 19.73, 5233, 175
267, 0, 43, 59, 52, 16, 0.00%, 1, 0, 4, 19.79, 5333, 175
272, 0, 43, 59, 52, 16, 0.00%, 1, 0, 4, 20.16, 5436, 175
277, 0, 58, 59, 51, 15, 0.00%, 1, 0, 4, 19.51, 5536, 175
282, 0, 58, 62, 54, 15, 0.00%, 1, 0, 4, 19.51, 5633, 177
287, 0, 58, 65, 57, 15, 0.00%, 1, 0, 4, 19.68, 5733, 178
292, 0, 58, 65, 57, 15, 0.00%, 1, 0, 4, 20.14, 5835, 178
298, 0, 58, 66, 58, 15, 0.00%, 1, 0, 4, 20.18, 5943, 178
303, 0, 58, 68, 60, 15, 0.00%, 1, 0, 4, 19.89, 6042, 178
308, 0, 58, 69, 61, 15, 0.00%, 1, 0, 4, 20.10, 6146, 178
313, 0, 58, 70, 62, 15, 0.00%, 1, 0, 4, 20.18, 6249, 179
318, 0, 58, 71, 63, 15, 0.00%, 1, 0, 4, 19.76, 6348, 180
323, 0, 58, 71, 63, 15, 0.00%, 1, 0, 4, 19.99, 6451, 180
328, 0, 58, 74, 66, 15, 0.00%, 1, 0, 4, 19.54, 6547, 182
333, 0, 58, 76, 68, 15, 0.00%, 1, 0, 4, 19.82, 6648, 184
339, 0, 58, 78, 70, 15, 0.00%, 1, 0, 4, 19.54, 6747, 184
344, 0, 58, 83, 75, 15, 0.00%, 1, 0, 4, 19.21, 6843, 186
349, 0, 58, 83, 75, 15, 0.00%, 1, 0, 4, 20.07, 6946, 186
354, 0, 58, 83, 75, 15, 0.00%, 1, 0, 4, 20.25, 7049, 186
359, 0, 58, 84, 76, 15, 0.00%, 1, 0, 4, 20.15, 7152, 186
364, 0, 58, 84, 76, 15, 0.00%, 1, 0, 4, 20.20, 7253, 186
369, 0, 58, 84, 76, 15, 0.00%, 1, 0, 4, 20.34, 7355, 186
374, 0, 58, 84, 76, 15, 0.00%, 1, 0, 4, 20.13, 7459, 186
379, 0, 58, 85, 77, 15, 0.00%, 1, 0, 4, 20.05, 7560, 186
385, 0, 58, 85, 77, 15, 0.00%, 1, 0, 4, 20.09, 7665, 186
390, 0, 58, 87, 79, 15, 0.00%, 1, 0, 4, 19.95, 7776, 186
395, 0, 58, 87, 79, 15, 0.00%, 1, 0, 4, 20.03, 7879, 186
401, 0, 58, 87, 79, 15, 0.00%, 1, 0, 4, 20.20, 7981, 186
406, 0, 58, 87, 79, 15, 0.00%, 1, 0, 4, 20.65, 8089, 186
411, 0, 58, 87, 79, 15, 0.00%, 1, 0, 4, 20.25, 8193, 186
416, 0, 58, 87, 79, 15, 0.00%, 1, 0, 4, 20.05, 8297, 186
421, 0, 58, 87, 79, 15, 0.00%, 1, 0, 4, 19.90, 8401, 186
426, 0, 58, 87, 79, 15, 0.00%, 1, 0, 4, 20.09, 8502, 186
431, 0, 58, 87, 79, 15, 0.00%, 1, 0, 4, 20.17, 8605, 186
436, 0, 58, 87, 79, 15, 0.00%, 1, 0, 4, 20.08, 8706, 186
442, 0, 58, 87, 79, 15, 0.00%, 1, 0, 4, 20.17, 8811, 186
447, 0, 58, 88, 80, 15, 0.00%, 1, 0, 4, 19.90, 8910, 186
452, 0, 58, 88, 80, 15, 0.00%, 1, 0, 4, 20.08, 9012, 186
457, 0, 58, 88, 80, 15, 0.00%, 1, 0, 4, 20.17, 9117, 186
462, 0, 85, 88, 79, 20, 0.00%, 1, 0, 4, 19.53, 9214, 186
467, 0, 85, 88, 79, 20, 0.00%, 1, 0, 4, 20.00, 9319, 186
472, 0, 85, 89, 80, 20, 0.00%, 1, 0, 5, 20.18, 9423, 186
477, 0, 81, 89, 79, 20, 0.00%, 1, 0, 5, 19.78, 9522, 186
483, 0, 81, 89, 79, 20, 0.00%, 1, 0, 5, 19.87, 9624, 186
488, 0, 16, 89, 78, 19, 0.00%, 1, 0, 5, 19.74, 9722, 186
493, 0, 16, 90, 79, 19, 0.00%, 1, 0, 5, 19.99, 9824, 186
498, 0, 36, 90, 78, 18, 0.00%, 1, 0, 5, 19.37, 9924, 186
503, 0, 36, 90, 78, 18, 0.00%, 1, 0, 5, 19.93, 10024, 186
508, 0, 36, 90, 78, 18, 0.00%, 1, 0, 5, 20.22, 10126, 186
513, 0, 62, 90, 77, 17, 0.00%, 1, 0, 5, 19.88, 10224, 186
518, 0, 62, 91, 78, 17, 0.00%, 1, 0, 5, 19.85, 10326, 186
523, 0, 20, 91, 77, 16, 0.00%, 1, 0, 5, 19.67, 10426, 186
528, 0, 20, 91, 77, 16, 0.00%, 1, 0, 5, 20.08, 10528, 186
533, 0, 5, 91, 76, 15, 0.00%, 1, 0, 5, 19.69, 10628, 186
538, 0, 5, 91, 76, 15, 0.00%, 1, 0, 5, 20.22, 10731, 186
543, 0, 5, 91, 76, 15, 0.00%, 1, 0, 5, 19.92, 10832, 186
549, 0, 71, 91, 75, 14, 0.00%, 1, 0, 5, 20.00, 10935, 186
554, 0, 71, 91, 75, 14, 0.00%, 1, 0, 5, 19.83, 11039, 186
559, 0, 78, 91, 74, 13, 0.00%, 1, 0, 5, 19.92, 11140, 186
564, 0, 78, 91, 74, 13, 0.00%, 1, 0, 5, 19.78, 11240, 186
569, 0, 17, 91, 73, 12, 0.00%, 1, 0, 5, 19.99, 11342, 186
574, 0, 17, 91, 73, 12, 0.00%, 1, 0, 5, 20.20, 11446, 186
579, 0, 17, 93, 75, 12, 0.00%, 1, 0, 5, 20.03, 11545, 186
584, 0, 51, 93, 74, 11, 0.00%, 1, 0, 5, 19.88, 11646, 186
589, 0, 51, 93, 74, 11, 0.00%, 1, 0, 5, 19.97, 11747, 186
595, 0, 74, 93, 73, 10, 0.00%, 1, 0, 5, 19.74, 11847, 186
598, 0, 74, 94, 74, 10, 0.00%, 1, 0, 5, 19.62, 11914, 186
