# unix_time, cycles_done, cur_path, paths_total, pending_total, pending_favs, map_size, unique_crashes, unique_hangs, max_depth, execs_per_sec
1676218691, 0, 0, 1, 1, 1, 0.17%, 0, 0, 1, 74.77
1676218696, 0, 0, 21, 21, 1, 0.23%, 0, 0, 2, 128.86
1676218701, 0, 0, 24, 24, 1, 0.23%, 0, 0, 2, 140.48
1676218706, 0, 0, 33, 33, 1, 0.25%, 0, 0, 2, 142.88
1676218772, 0, 0, 49, 49, 1, 0.27%, 0, 0, 2, 143.52
1676218778, 0, 0, 52, 52, 1, 0.28%, 0, 0, 2, 144.60
1676218783, 0, 0, 53, 53, 1, 0.28%, 0, 0, 2, 145.54
1676218814, 0, 0, 54, 54, 1, 0.28%, 0, 0, 2, 146.21
1676218819, 0, 0, 54, 54, 1, 0.28%, 1, 0, 2, 145.95
1676218999, 0, 49, 54, 53, 17, 0.28%, 1, 0, 2, 142.16
1676219050, 0, 49, 56, 55, 17, 0.28%, 1, 0, 3, 141.07
1676219076, 1, 44, 56, 54, 16, 0.28%, 1, 0, 3, 142.03
