# relative_time, cycles_done, cur_item, corpus_count, pending_total, pending_favs, map_size, saved_crashes, saved_hangs, max_depth, execs_per_sec, total_execs, edges_found
62, 0, 0, 20, 20, 1, 0.00%, 0, 0, 2, 10.01, 600, 214
68, 0, 0, 20, 20, 1, 0.00%, 0, 0, 2, 10.04, 652, 214
73, 0, 0, 20, 20, 1, 0.00%, 0, 0, 2, 10.20, 705, 214
78, 0, 0, 20, 20, 1, 0.00%, 0, 0, 2, 10.20, 757, 214
83, 0, 0, 20, 20, 1, 0.00%, 0, 0, 2, 9.97, 808, 214
88, 0, 0, 20, 20, 1, 0.00%, 0, 0, 2, 10.03, 860, 214
93, 0, 0, 20, 20, 1, 0.00%, 0, 0, 2, 10.12, 912, 214
98, 0, 0, 20, 20, 1, 0.00%, 0, 0, 2, 10.20, 964, 214
103, 0, 0, 20, 20, 1, 0.00%, 0, 0, 2, 10.30, 1016, 214
108, 0, 0, 20, 20, 1, 0.00%, 0, 0, 2, 10.20, 1069, 214
114, 0, 0, 21, 21, 1, 0.00%, 0, 0, 2, 10.17, 1121, 228
119, 0, 0, 21, 21, 1, 0.00%, 0, 0, 2, 10.36, 1175, 228
124, 0, 0, 22, 22, 1, 0.00%, 0, 0, 2, 9.88, 1224, 228
129, 0, 0, 22, 22, 1, 0.00%, 0, 0, 2, 9.68, 1274, 228
134, 0, 0, 23, 23, 1, 0.00%, 0, 0, 2, 9.93, 1324, 228
139, 0, 0, 23, 23, 1, 0.00%, 0, 0, 2, 10.12, 1377, 228
144, 0, 0, 24, 24, 1, 0.00%, 0, 0, 2, 10.15, 1427, 239
150, 0, 0, 24, 24, 1, 0.00%, 0, 0, 2, 10.39, 1482, 239
155, 0, 0, 24, 24, 1, 0.00%, 0, 0, 2, 10.32, 1535, 239
160, 0, 0, 24, 24, 1, 0.00%, 0, 0, 2, 10.14, 1586, 239
165, 0, 0, 24, 24, 1, 0.00%, 0, 0, 2, 10.18, 1639, 239
170, 0, 0, 24, 24, 1, 0.00%, 0, 0, 2, 10.32, 1692, 239
175, 0, 0, 24, 24, 1, 0.00%, 0, 0, 2, 10.17, 1744, 239
180, 0, 0, 24, 24, 1, 0.00%, 0, 0, 2, 10.06, 1796, 239
186, 0, 0, 25, 25, 1, 0.00%, 0, 0, 2, 9.91, 1852, 241
191, 0, 0, 27, 27, 1, 0.00%, 0, 0, 2, 9.34, 1897, 241
196, 0, 0, 30, 30, 1, 0.00%, 0, 0, 2, 9.09, 1938, 243
201, 0, 0, 32, 32, 1, 0.00%, 0, 0, 2, 9.61, 1987, 243
206, 0, 0, 33, 33, 1, 0.00%, 0, 0, 2, 9.86, 2036, 243
212, 0, 0, 34, 34, 1, 0.00%, 0, 0, 2, 3.73, 2085, 243
217, 0, 0, 34, 34, 1, 0.00%, 0, 0, 2, 7.37, 2130, 243
222, 0, 0, 34, 34, 1, 0.00%, 0, 0, 2, 10.51, 2188, 243
227, 0, 0, 35, 35, 1, 0.00%, 0, 0, 2, 11.53, 2246, 243
233, 0, 0, 37, 37, 1, 0.00%, 0, 0, 2, 11.74, 2309, 246
239, 0, 0, 39, 39, 1, 0.00%, 0, 0, 2, 12.00, 2377, 246
1187, 0, 0, 39, 39, 1, 0.00%, 0, 0, 2, 0.00, 2394, 246
1192, 0, 0, 39, 39, 1, 0.00%, 0, 0, 2, 11.09, 2456, 246
1198, 0, 0, 39, 39, 1, 0.00%, 0, 0, 2, 11.84, 2519, 246
1203, 0, 0, 39, 39, 1, 0.00%, 0, 0, 2, 12.16, 2582, 246
1208, 0, 0, 40, 40, 1, 0.00%, 0, 0, 2, 12.19, 2643, 247
1213, 0, 0, 40, 40, 1, 0.00%, 0, 0, 2, 12.15, 2706, 247
1218, 0, 0, 40, 40, 1, 0.00%, 0, 0, 2, 12.32, 2769, 247
1223, 0, 0, 41, 41, 1, 0.00%, 0, 0, 2, 12.19, 2831, 249
1229, 0, 0, 41, 41, 1, 0.00%, 0, 0, 2, 12.15, 2894, 249
1234, 0, 0, 41, 41, 1, 0.00%, 0, 0, 2, 12.30, 2957, 249
1239, 0, 0, 41, 41, 1, 0.00%, 0, 0, 2, 12.39, 3020, 249
1244, 0, 0, 42, 42, 1, 0.00%, 0, 0, 2, 12.22, 3082, 249
1249, 0, 0, 42, 42, 1, 0.00%, 0, 0, 2, 11.96, 3143, 249
1254, 0, 0, 43, 43, 1, 0.00%, 0, 0, 2, 11.50, 3201, 250
1259, 0, 0, 44, 44, 1, 0.00%, 0, 0, 2, 11.90, 3261, 251
1264, 0, 0, 44, 44, 1, 0.00%, 0, 0, 2, 12.39, 3324, 251
1270, 0, 0, 45, 45, 1, 0.00%, 0, 0, 2, 12.27, 3387, 260
1275, 0, 0, 45, 45, 1, 0.00%, 0, 0, 2, 20.75, 3495, 260
1280, 0, 0, 45, 45, 1, 0.00%, 0, 0, 2, 14.86, 3565, 260
1285, 0, 0, 45, 45, 1, 0.00%, 0, 0, 2, 12.72, 3625, 260
1290, 0, 0, 47, 47, 1, 0.00%, 1, 0, 2, 11.94, 3686, 260
1296, 0, 0, 49, 49, 1, 0.00%, 1, 0, 2, 11.77, 3746, 269
1301, 0, 0, 51, 51, 1, 0.00%, 1, 0, 2, 11.13, 3796, 278
1306, 0, 0, 51, 51, 1, 0.00%, 1, 0, 2, 11.69, 3856, 278
1607, 0, 0, 51, 51, 1, 0.00%, 1, 0, 2, 0.01, 3873, 278
1612, 0, 0, 51, 51, 1, 0.00%, 1, 0, 2, 9.64, 3931, 278
1617, 0, 47, 51, 50, 21, 0.00%, 1, 0, 2, 10.89, 3989, 278
1622, 0, 47, 51, 50, 21, 0.00%, 1, 0, 2, 11.46, 4048, 278
1627, 0, 47, 51, 50, 21, 0.00%, 1, 0, 2, 11.77, 4108, 278
1632, 0, 47, 51, 50, 21, 0.00%, 1, 0, 2, 11.90, 4168, 278
1638, 0, 2, 51, 49, 20, 0.00%, 1, 0, 2, 11.76, 4226, 278
1643, 0, 2, 53, 51, 20, 0.00%, 1, 0, 3, 11.69, 4283, 279
1648, 0, 2, 53, 51, 20, 0.00%, 1, 0, 3, 11.70, 4344, 279
1653, 0, 2, 53, 51, 20, 0.00%, 1, 0, 3, 12.14, 4406, 279
1658, 0, 50, 53, 50, 19, 0.00%, 1, 0, 3, 11.69, 4464, 279
1663, 0, 50, 53, 50, 19, 0.00%, 1, 0, 3, 11.87, 4524, 279
1668, 0, 50, 53, 50, 19, 0.00%, 1, 0, 3, 11.66, 4583, 279
1673, 0, 50, 53, 50, 19, 0.00%, 1, 0, 3, 11.76, 4645, 279
1679, 0, 36, 53, 49, 18, 0.00%, 1, 0, 3, 11.58, 4704, 279
1684, 0, 36, 53, 49, 18, 0.00%, 1, 0, 3, 11.49, 4762, 279
1689, 0, 36, 53, 49, 18, 0.00%, 1, 0, 3, 11.79, 4822, 279
1694, 0, 36, 53, 49, 18, 0.00%, 1, 0, 3, 11.86, 4882, 279
1699, 0, 35, 53, 48, 17, 0.00%, 1, 0, 3, 11.43, 4940, 279
1704, 0, 35, 53, 48, 17, 0.00%, 1, 0, 3, 11.58, 4999, 279
1710, 0, 35, 54, 49, 17, 0.00%, 1, 0, 3, 11.68, 5063, 279
1715, 0, 35, 54, 49, 17, 0.00%, 1, 0, 3, 11.85, 5123, 279
1720, 0, 35, 54, 49, 17, 0.00%, 1, 0, 3, 11.66, 5182, 279
1725, 0, 42, 54, 48, 16, 0.00%, 1, 0, 3, 11.43, 5238, 279
1730, 0, 42, 54, 48, 16, 0.00%, 1, 0, 3, 11.63, 5299, 279
1735, 0, 42, 54, 48, 16, 0.00%, 1, 0, 3, 11.74, 5359, 279
1741, 0, 42, 54, 48, 16, 0.00%, 1, 0, 3, 1.27, 5389, 279
1746, 0, 27, 54, 47, 15, 0.00%, 1, 0, 3, 9.17, 5440, 279
1751, 0, 27, 54, 47, 15, 0.00%, 1, 0, 3, 9.37, 5490, 279
1756, 0, 27, 54, 47, 15, 0.00%, 1, 0, 3, 9.27, 5540, 279
1849, 0, 27, 54, 47, 15, 0.00%, 1, 0, 3, 0.02, 5548, 279
1854, 0, 27, 54, 47, 15, 0.00%, 1, 0, 3, 11.69, 5608, 279
1859, 0, 27, 54, 47, 15, 0.00%, 1, 0, 3, 11.73, 5668, 279
1864, 0, 8, 54, 46, 14, 0.00%, 1, 0, 3, 11.14, 5722, 279
1870, 0, 8, 54, 46, 14, 0.00%, 1, 0, 3, 11.17, 5781, 279
1875, 0, 8, 54, 46, 14, 0.00%, 1, 0, 3, 11.15, 5837, 279
1880, 0, 29, 54, 45, 13, 0.00%, 1, 0, 3, 11.31, 5896, 279
1885, 0, 29, 54, 45, 13, 0.00%, 1, 0, 3, 11.48, 5955, 279
1890, 0, 29, 54, 45, 13, 0.00%, 1, 0, 3, 11.54, 6014, 279
1895, 0, 29, 54, 45, 13, 0.00%, 1, 0, 3, 11.27, 6071, 279
1900, 0, 5, 54, 44, 13, 0.00%, 1, 0, 3, 11.47, 6130, 279
1905, 0, 5, 54, 44, 13, 0.00%, 1, 0, 3, 10.82, 6185, 279
1910, 0, 5, 54, 44, 13, 0.00%, 1, 0, 3, 10.93, 6240, 279
1915, 0, 5, 54, 44, 13, 0.00%, 1, 0, 3, 10.04, 6290, 279
1921, 0, 4, 54, 43, 12, 0.00%, 1, 0, 3, 10.58, 6345, 279
1926, 0, 4, 54, 43, 12, 0.00%, 1, 0, 3, 1.37, 6400, 279
1931, 0, 4, 54, 43, 12, 0.00%, 1, 0, 3, 10.05, 6452, 279
1936, 0, 4, 54, 43, 12, 0.00%, 1, 0, 3, 10.67, 6506, 279
