# relative_time, cycles_done, cur_item, corpus_count, pending_total, pending_favs, map_size, saved_crashes, saved_hangs, max_depth, execs_per_sec, total_execs, edges_found
61, 0, 0, 14, 14, 1, 0.00%, 0, 0, 2, 18.45, 1283, 151
66, 0, 0, 15, 15, 1, 0.00%, 0, 0, 2, 22.26, 1400, 153
71, 0, 0, 15, 15, 1, 0.00%, 0, 0, 2, 23.05, 1520, 153
76, 0, 0, 15, 15, 1, 0.00%, 0, 0, 2, 22.82, 1638, 153
81, 0, 0, 17, 17, 1, 0.00%, 0, 0, 2, 22.20, 1748, 155
86, 0, 0, 18, 18, 1, 0.00%, 0, 0, 2, 20.99, 1856, 156
91, 0, 0, 18, 18, 1, 0.00%, 0, 0, 2, 22.16, 1967, 156
96, 0, 0, 19, 19, 1, 0.00%, 0, 0, 2, 22.20, 2076, 156
102, 0, 0, 19, 19, 1, 0.00%, 0, 0, 2, 22.70, 2191, 156
107, 0, 0, 19, 19, 1, 0.00%, 0, 0, 2, 22.82, 2310, 156
112, 0, 0, 19, 19, 1, 0.00%, 0, 0, 2, 22.64, 2428, 156
117, 0, 0, 20, 20, 1, 0.00%, 0, 0, 2, 21.82, 2538, 157
122, 0, 0, 20, 20, 1, 0.00%, 0, 0, 2, 21.10, 2644, 157
127, 0, 0, 21, 21, 1, 0.00%, 0, 0, 2, 21.40, 2751, 157
132, 0, 0, 21, 21, 1, 0.00%, 0, 0, 2, 21.33, 2860, 157
137, 0, 0, 22, 22, 1, 0.00%, 0, 0, 2, 20.28, 2960, 158
142, 0, 0, 22, 22, 1, 0.00%, 0, 0, 2, 19.42, 3055, 158
147, 0, 0, 22, 22, 1, 0.00%, 0, 0, 2, 20.89, 3162, 158
152, 0, 0, 22, 22, 1, 0.00%, 0, 0, 2, 21.08, 3269, 158
158, 0, 0, 22, 22, 1, 0.00%, 0, 0, 2, 19.85, 3371, 158
163, 0, 0, 22, 22, 1, 0.00%, 0, 0, 2, 20.29, 3470, 158
168, 0, 0, 22, 22, 1, 0.00%, 0, 0, 2, 20.58, 3578, 158
173, 0, 0, 23, 23, 1, 0.00%, 0, 0, 2, 20.76, 3681, 158
178, 0, 0, 23, 23, 1, 0.00%, 0, 0, 2, 20.06, 3782, 158
183, 0, 0, 23, 23, 1, 0.00%, 0, 0, 2, 20.44, 3887, 158
188, 0, 0, 23, 23, 1, 0.00%, 0, 0, 2, 20.16, 3990, 158
194, 0, 0, 23, 23, 1, 0.00%, 0, 0, 2, 19.51, 4090, 158
199, 0, 0, 23, 23, 1, 0.00%, 0, 0, 2, 19.30, 4185, 158
204, 0, 0, 23, 23, 1, 0.00%, 0, 0, 2, 20.11, 4291, 158
209, 0, 0, 23, 23, 1, 0.00%, 0, 0, 2, 18.71, 4382, 158
214, 0, 0, 23, 23, 1, 0.00%, 0, 0, 2, 18.96, 4472, 158
219, 0, 0, 23, 23, 1, 0.00%, 0, 0, 2, 19.79, 4572, 158
224, 0, 0, 23, 23, 1, 0.00%, 0, 0, 2, 18.29, 4667, 158
229, 0, 0, 23, 23, 1, 0.00%, 0, 0, 2, 18.35, 4755, 158
234, 0, 0, 23, 23, 1, 0.00%, 0, 0, 2, 20.39, 4861, 158
240, 0, 0, 24, 24, 1, 0.00%, 0, 0, 2, 21.40, 4973, 159
245, 0, 0, 24, 24, 1, 0.00%, 0, 0, 2, 19.56, 5069, 159
250, 0, 0, 24, 24, 1, 0.00%, 0, 0, 2, 20.22, 5173, 159
255, 0, 0, 24, 24, 1, 0.00%, 0, 0, 2, 20.53, 5278, 159
260, 0, 0, 24, 24, 1, 0.00%, 0, 0, 2, 20.23, 5381, 159
265, 0, 0, 24, 24, 1, 0.00%, 0, 0, 2, 20.07, 5484, 159
270, 0, 0, 24, 24, 1, 0.00%, 0, 0, 2, 19.34, 5580, 159
275, 0, 0, 24, 24, 1, 0.00%, 0, 0, 2, 20.86, 5687, 159
280, 0, 0, 24, 24, 1, 0.00%, 0, 0, 2, 20.82, 5793, 159
286, 0, 0, 25, 25, 1, 0.00%, 0, 0, 2, 19.69, 5889, 161
291, 0, 0, 25, 25, 1, 0.00%, 0, 0, 2, 19.63, 5991, 161
296, 0, 0, 25, 25, 1, 0.00%, 0, 0, 2, 19.09, 6087, 161
301, 0, 0, 25, 25, 1, 0.00%, 0, 0, 2, 19.06, 6183, 161
306, 0, 0, 25, 25, 1, 0.00%, 0, 0, 2, 20.09, 6287, 161
311, 0, 0, 25, 25, 1, 0.00%, 0, 0, 2, 20.42, 6391, 161
316, 0, 0, 25, 25, 1, 0.00%, 0, 0, 2, 20.62, 6496, 161
321, 0, 0, 25, 25, 1, 0.00%, 0, 0, 2, 19.57, 6592, 161
326, 0, 0, 25, 25, 1, 0.00%, 0, 0, 2, 19.84, 6694, 161
332, 0, 0, 29, 29, 1, 0.00%, 0, 0, 2, 18.58, 6788, 163
337, 0, 0, 32, 32, 1, 0.00%, 0, 0, 2, 19.14, 6883, 164
342, 0, 0, 34, 34, 1, 0.00%, 0, 0, 2, 19.99, 6986, 164
347, 0, 0, 37, 37, 1, 0.00%, 0, 0, 2, 19.52, 7085, 165
353, 0, 0, 38, 38, 1, 0.00%, 0, 0, 2, 20.00, 7186, 165
358, 0, 0, 39, 39, 1, 0.00%, 0, 0, 2, 20.17, 7287, 165
363, 0, 0, 40, 40, 1, 0.00%, 0, 0, 2, 18.93, 7381, 165
368, 0, 0, 40, 40, 1, 0.00%, 0, 0, 2, 19.77, 7479, 165
373, 0, 0, 40, 40, 1, 0.00%, 0, 0, 2, 20.19, 7586, 165
378, 0, 0, 40, 40, 1, 0.00%, 0, 0, 2, 19.04, 7682, 165
383, 0, 0, 41, 41, 1, 0.00%, 0, 0, 2, 20.46, 7787, 165
388, 0, 0, 41, 41, 1, 0.00%, 0, 0, 2, 19.16, 7880, 165
394, 0, 0, 42, 42, 1, 0.00%, 0, 0, 2, 19.65, 7984, 165
399, 0, 0, 44, 44, 1, 0.00%, 0, 0, 2, 19.67, 8090, 165
404, 0, 0, 46, 46, 1, 0.00%, 0, 0, 2, 19.73, 8190, 168
409, 0, 0, 47, 47, 1, 0.00%, 0, 0, 2, 20.50, 8294, 168
414, 0, 0, 47, 47, 1, 0.00%, 0, 0, 2, 20.12, 8396, 168
419, 0, 0, 48, 48, 1, 0.00%, 0, 0, 2, 18.40, 8491, 168
425, 0, 0, 54, 54, 1, 0.00%, 0, 0, 2, 18.82, 8587, 171
430, 0, 0, 56, 56, 1, 0.00%, 0, 0, 2, 19.62, 8688, 171
435, 0, 0, 61, 61, 1, 0.00%, 0, 0, 2, 19.45, 8783, 171
440, 0, 0, 61, 61, 1, 0.00%, 0, 0, 2, 20.37, 8889, 171
445, 0, 0, 63, 63, 1, 0.00%, 0, 0, 2, 20.28, 8990, 171
450, 0, 0, 64, 64, 1, 0.00%, 0, 0, 2, 20.24, 9093, 171
455, 0, 0, 66, 66, 1, 0.00%, 0, 0, 2, 20.20, 9196, 171
461, 0, 0, 66, 66, 1, 0.00%, 0, 0, 2, 20.41, 9304, 171
466, 0, 0, 66, 66, 1, 0.00%, 0, 0, 2, 20.14, 9408, 171
471, 0, 0, 66, 66, 1, 0.00%, 0, 0, 2, 20.50, 9511, 171
476, 0, 0, 66, 66, 1, 0.00%, 0, 0, 2, 20.90, 9619, 171
481, 0, 0, 67, 67, 1, 0.00%, 0, 0, 2, 20.23, 9722, 171
486, 0, 0, 67, 67, 1, 0.00%, 0, 0, 2, 20.86, 9831, 171
491, 0, 0, 67, 67, 1, 0.00%, 0, 0, 2, 20.53, 9935, 171
497, 0, 0, 69, 69, 1, 0.00%, 0, 0, 2, 20.49, 10040, 171
502, 0, 0, 69, 69, 1, 0.00%, 0, 0, 2, 18.65, 10134, 171
507, 0, 0, 70, 70, 1, 0.00%, 0, 0, 2, 18.12, 10230, 171
512, 0, 1, 70, 69, 21, 0.00%, 0, 0, 2, 19.17, 10333, 171
517, 0, 34, 70, 68, 20, 0.00%, 0, 0, 2, 19.67, 10432, 171
522, 0, 34, 70, 68, 20, 0.00%, 0, 0, 2, 20.32, 10539, 171
527, 0, 29, 70, 67, 19, 0.00%, 0, 0, 2, 20.10, 10642, 171
533, 0, 29, 70, 67, 19, 0.00%, 0, 0, 2, 20.55, 10749, 171
538, 0, 29, 72, 69, 19, 0.00%, 1, 0, 3, 19.84, 10847, 173
543, 0, 8, 72, 68, 18, 0.00%, 1, 0, 3, 19.34, 10944, 173
548, 0, 8, 73, 69, 18, 0.00%, 1, 0, 3, 18.40, 11037, 173
553, 0, 8, 74, 70, 18, 0.00%, 1, 0, 3, 17.98, 11127, 173
558, 0, 8, 77, 73, 18, 0.00%, 1, 0, 3, 18.66, 11222, 175
563, 0, 8, 83, 79, 18, 0.00%, 1, 0, 3, 18.15, 11307, 178
568, 0, 8, 86, 82, 18, 0.00%, 1, 0, 3, 18.54, 11397, 180
574, 0, 8, 90, 86, 18, 0.00%, 1, 0, 3, 17.92, 11490, 182
579, 0, 8, 93, 89, 18, 0.00%, 1, 0, 3, 17.37, 11579, 182
584, 0, 8, 95, 91, 18, 0.00%, 1, 0, 3, 18.94, 11675, 182
589, 0, 8, 99, 95, 18, 0.00%, 1, 0, 3, 19.44, 11772, 182
594, 0, 8, 100, 96, 18, 0.00%, 1, 0, 3, 17.63, 11861, 182
598, 0, 8, 100, 96, 18, 0.00%, 1, 0, 3, 18.30, 11934, 182
