# unix_time, cycles_done, cur_path, paths_total, pending_total, pending_favs, map_size, unique_crashes, unique_hangs, max_depth, execs_per_sec
1676221209, 0, 0, 1, 1, 1, 0.27%, 0, 0, 1, 74.77
1676221214, 0, 0, 24, 24, 1, 0.33%, 0, 0, 2, 119.60
1676221219, 0, 0, 43, 43, 1, 0.34%, 0, 0, 2, 130.49
1676221229, 0, 0, 50, 50, 1, 0.37%, 0, 0, 2, 133.02
1676221235, 0, 0, 53, 53, 1, 0.38%, 0, 0, 2, 133.16
1676221276, 0, 0, 54, 54, 1, 0.38%, 0, 0, 2, 135.55
1676221544, 0, 0, 82, 82, 1, 0.40%, 0, 0, 2, 134.76
1676221549, 0, 0, 84, 84, 1, 0.40%, 0, 0, 2, 135.92
1676221580, 0, 0, 85, 85, 1, 0.41%, 0, 0, 2, 136.57
1676221590, 0, 0, 86, 86, 1, 0.41%, 0, 0, 2, 136.14
1676221606, 0, 0, 87, 87, 1, 0.41%, 0, 0, 2, 135.95
1676221652, 0, 0, 88, 88, 1, 0.41%, 0, 0, 2, 135.62
1676221678, 0, 0, 88, 88, 1, 0.41%, 1, 0, 2, 135.81
1676221688, 0, 0, 89, 89, 1, 0.41%, 1, 0, 2, 135.56
1676221709, 0, 0, 90, 90, 1, 0.41%, 1, 0, 2, 135.87
1676222699, 0, 88, 90, 89, 18, 0.41%, 1, 0, 2, 135.12
1676223718, 0, 88, 91, 90, 18, 0.41%, 1, 0, 3, 0.01
1676223723, 0, 88, 92, 91, 18, 0.41%, 1, 0, 3, 132.42
1676223738, 0, 88, 93, 92, 18, 0.41%, 1, 0, 3, 133.52
1676223748, 0, 88, 94, 93, 18, 0.41%, 1, 0, 3, 133.49
