# relative_time, cycles_done, cur_item, corpus_count, pending_total, pending_favs, map_size, saved_crashes, saved_hangs, max_depth, execs_per_sec, total_execs, edges_found
61, 0, 0, 12, 12, 1, 0.00%, 0, 0, 2, 19.90, 1228, 104
67, 0, 0, 12, 12, 1, 0.00%, 0, 0, 2, 20.16, 1331, 104
72, 0, 0, 12, 12, 1, 0.00%, 0, 0, 2, 20.27, 1433, 104
77, 0, 0, 12, 12, 1, 0.00%, 0, 0, 2, 20.15, 1534, 104
82, 0, 0, 12, 12, 1, 0.00%, 0, 0, 2, 19.97, 1637, 104
87, 0, 0, 12, 12, 1, 0.00%, 0, 0, 2, 20.14, 1741, 104
92, 0, 0, 12, 12, 1, 0.00%, 0, 0, 2, 20.19, 1844, 104
97, 0, 0, 13, 13, 1, 0.00%, 0, 0, 2, 20.06, 1945, 105
102, 0, 0, 14, 14, 1, 0.00%, 0, 0, 2, 19.99, 2048, 106
107, 0, 0, 14, 14, 1, 0.00%, 0, 0, 2, 20.01, 2150, 106
113, 0, 0, 14, 14, 1, 0.00%, 0, 0, 2, 20.15, 2253, 106
118, 0, 0, 14, 14, 1, 0.00%, 0, 0, 2, 19.92, 2353, 106
123, 0, 0, 14, 14, 1, 0.00%, 0, 0, 2, 19.97, 2454, 106
128, 0, 0, 14, 14, 1, 0.00%, 0, 0, 2, 19.74, 2554, 106
133, 0, 0, 14, 14, 1, 0.00%, 0, 0, 2, 19.99, 2658, 106
138, 0, 0, 14, 14, 1, 0.00%, 0, 0, 2, 20.00, 2762, 106
143, 0, 0, 14, 14, 1, 0.00%, 0, 0, 2, 20.06, 2865, 106
148, 0, 0, 14, 14, 1, 0.00%, 0, 0, 2, 20.00, 2966, 106
153, 0, 0, 14, 14, 1, 0.00%, 0, 0, 2, 20.10, 3069, 106
158, 0, 0, 14, 14, 1, 0.00%, 0, 0, 2, 20.09, 3172, 106
163, 0, 0, 14, 14, 1, 0.00%, 0, 0, 2, 20.03, 3273, 106
169, 0, 0, 19, 19, 1, 0.00%, 0, 0, 2, 19.21, 3366, 118
174, 0, 0, 25, 25, 1, 0.00%, 0, 0, 2, 18.70, 3455, 123
179, 0, 0, 29, 29, 1, 0.00%, 0, 0, 2, 18.91, 3551, 124
184, 0, 0, 31, 31, 1, 0.00%, 0, 0, 2, 19.46, 3651, 124
189, 0, 0, 31, 31, 1, 0.00%, 0, 0, 2, 19.79, 3753, 124
194, 0, 0, 31, 31, 1, 0.00%, 0, 0, 2, 19.83, 3856, 124
199, 0, 0, 32, 32, 1, 0.00%, 0, 0, 2, 19.68, 3954, 124
204, 0, 0, 32, 32, 1, 0.00%, 0, 0, 2, 19.28, 4050, 124
210, 0, 0, 32, 32, 1, 0.00%, 0, 0, 2, 19.62, 4151, 124
215, 0, 0, 33, 33, 1, 0.00%, 0, 0, 2, 19.55, 4255, 124
220, 0, 0, 33, 33, 1, 0.00%, 0, 0, 2, 19.79, 4355, 124
225, 0, 0, 33, 33, 1, 0.00%, 0, 0, 2, 19.78, 4456, 124
230, 0, 0, 33, 33, 1, 0.00%, 0, 0, 2, 19.75, 4558, 124
235, 0, 0, 33, 33, 1, 0.00%, 0, 0, 2, 19.65, 4659, 124
241, 0, 0, 33, 33, 1, 0.00%, 0, 0, 2, 19.63, 4761, 124
246, 0, 0, 33, 33, 1, 0.00%, 0, 0, 2, 19.66, 4861, 124
251, 0, 0, 33, 33, 1, 0.00%, 0, 0, 2, 19.81, 4962, 124
256, 0, 0, 34, 34, 1, 0.00%, 0, 0, 2, 19.65, 5061, 124
261, 0, 0, 34, 34, 1, 0.00%, 0, 0, 2, 19.66, 5162, 124
266, 0, 19, 34, 33, 19, 0.00%, 0, 0, 2, 19.47, 5261, 124
271, 0, 19, 34, 33, 19, 0.00%, 0, 0, 2, 19.58, 5361, 124
276, 0, 5, 34, 31, 17, 0.00%, 0, 0, 2, 19.57, 5462, 124
282, 0, 5, 35, 32, 17, 0.00%, 0, 0, 3, 19.66, 5566, 124
287, 0, 27, 35, 31, 16, 0.00%, 0, 0, 3, 19.58, 5666, 124
292, 0, 27, 35, 31, 16, 0.00%, 0, 0, 3, 19.77, 5767, 124
297, 0, 27, 37, 33, 16, 0.00%, 0, 0, 3, 19.45, 5864, 129
302, 0, 15, 37, 32, 18, 0.00%, 0, 0, 3, 19.28, 5961, 129
307, 0, 15, 39, 34, 18, 0.00%, 0, 0, 3, 19.30, 6057, 130
312, 0, 15, 39, 34, 18, 0.00%, 0, 0, 3, 19.71, 6160, 130
318, 0, 8, 39, 33, 18, 0.00%, 0, 0, 3, 19.58, 6259, 130
323, 0, 8, 40, 34, 18, 0.00%, 1, 0, 3, 19.59, 6356, 131
328, 0, 35, 40, 33, 16, 0.00%, 1, 0, 3, 19.01, 6452, 131
333, 0, 35, 40, 33, 16, 0.00%, 1, 0, 3, 19.92, 6556, 131
338, 0, 35, 40, 33, 16, 0.00%, 1, 0, 3, 19.49, 6656, 131
343, 0, 11, 40, 32, 15, 0.00%, 1, 0, 3, 19.44, 6755, 131
348, 0, 7, 40, 31, 14, 0.00%, 1, 0, 3, 19.69, 6857, 131
353, 0, 7, 40, 31, 14, 0.00%, 1, 0, 3, 19.68, 6957, 131
358, 0, 7, 41, 32, 14, 0.00%, 1, 0, 3, 19.57, 7054, 131
363, 0, 13, 41, 31, 14, 0.00%, 1, 0, 3, 19.37, 7153, 131
369, 0, 13, 41, 31, 14, 0.00%, 1, 0, 3, 19.54, 7253, 131
374, 0, 25, 41, 30, 13, 0.00%, 1, 0, 3, 19.33, 7351, 131
379, 0, 25, 41, 30, 13, 0.00%, 1, 0, 3, 19.71, 7452, 131
384, 0, 17, 41, 29, 12, 0.00%, 1, 0, 3, 19.50, 7550, 131
389, 0, 17, 41, 29, 12, 0.00%, 1, 0, 3, 19.69, 7650, 131
394, 0, 9, 41, 28, 11, 0.00%, 1, 0, 3, 19.35, 7749, 131
399, 0, 9, 41, 28, 11, 0.00%, 1, 0, 3, 19.58, 7849, 131
404, 0, 40, 41, 27, 10, 0.00%, 1, 0, 3, 20.47, 7951, 131
409, 0, 40, 41, 27, 10, 0.00%, 1, 0, 3, 19.91, 8051, 131
414, 0, 21, 42, 27, 9, 0.00%, 1, 0, 4, 18.93, 8146, 131
420, 0, 21, 42, 27, 9, 0.00%, 1, 0, 4, 19.54, 8247, 131
425, 0, 21, 42, 27, 9, 0.00%, 1, 0, 4, 19.40, 8348, 131
430, 0, 18, 42, 25, 7, 0.00%, 1, 0, 4, 19.46, 8446, 131
435, 0, 18, 42, 25, 7, 0.00%, 1, 0, 4, 19.79, 8547, 131
440, 0, 16, 42, 24, 6, 0.00%, 1, 0, 4, 19.21, 8646, 131
445, 0, 16, 42, 24, 6, 0.00%, 1, 0, 4, 19.70, 8749, 131
450, 0, 16, 43, 25, 6, 0.00%, 1, 0, 4, 19.63, 8848, 132
456, 0, 42, 43, 24, 6, 0.00%, 1, 0, 4, 19.35, 8945, 132
461, 0, 42, 45, 26, 6, 0.00%, 1, 0, 4, 19.41, 9041, 132
466, 0, 41, 45, 25, 5, 0.00%, 1, 0, 4, 19.14, 9139, 132
471, 0, 41, 45, 25, 5, 0.00%, 1, 0, 4, 19.65, 9240, 132
476, 0, 41, 45, 25, 5, 0.00%, 1, 0, 4, 19.78, 9341, 132
481, 0, 44, 46, 25, 4, 0.00%, 1, 0, 5, 19.27, 9437, 133
486, 0, 44, 48, 27, 4, 0.00%, 1, 0, 5, 19.32, 9533, 134
491, 0, 44, 48, 27, 4, 0.00%, 1, 0, 5, 19.37, 9631, 134
496, 0, 44, 48, 27, 4, 0.00%, 1, 0, 5, 19.34, 9728, 134
501, 0, 44, 49, 28, 4, 0.00%, 1, 0, 5, 19.29, 9824, 134
506, 0, 44, 49, 28, 4, 0.00%, 1, 0, 5, 19.36, 9924, 134
511, 0, 44, 49, 28, 4, 0.00%, 1, 0, 5, 19.55, 10025, 134
517, 0, 44, 49, 28, 4, 0.00%, 1, 0, 5, 19.63, 10126, 134
522, 0, 44, 49, 28, 4, 0.00%, 1, 0, 5, 19.61, 10227, 134
527, 0, 44, 49, 28, 4, 0.00%, 1, 0, 5, 19.75, 10329, 134
532, 0, 44, 49, 28, 4, 0.00%, 1, 0, 5, 19.80, 10429, 134
537, 0, 46, 49, 27, 5, 0.00%, 1, 0, 5, 19.14, 10522, 134
542, 0, 46, 49, 27, 5, 0.00%, 1, 0, 5, 19.53, 10621, 134
547, 0, 10, 49, 26, 4, 0.00%, 1, 0, 5, 19.55, 10722, 134
552, 0, 10, 49, 26, 4, 0.00%, 1, 0, 5, 19.73, 10824, 134
557, 0, 10, 49, 26, 4, 0.00%, 1, 0, 5, 19.45, 10923, 134
562, 0, 32, 49, 25, 3, 0.00%, 1, 0, 5, 19.54, 11020, 134
568, 0, 32, 51, 27, 3, 0.00%, 1, 0, 5, 19.55, 11117, 134
573, 0, 50, 51, 26, 2, 0.00%, 1, 0, 5, 19.57, 11217, 134
578, 0, 50, 51, 26, 2, 0.00%, 1, 0, 5, 19.79, 11319, 134
583, 0, 50, 51, 26, 2, 0.00%, 1, 0, 5, 19.77, 11419, 134
588, 0, 36, 51, 25, 1, 0.00%, 1, 0, 5, 19.56, 11516, 134
593, 0, 36, 51, 25, 1, 0.00%, 1, 0, 5, 19.91, 11619, 134
598, 0, 42, 51, 24, 0, 0.00%, 1, 0, 5, 19.57, 11712, 134
