# unix_time, cycles_done, cur_path, paths_total, pending_total, pending_favs, map_size, unique_crashes, unique_hangs, max_depth, execs_per_sec
1676199965, 0, 0, 1, 1, 1, 0.32%, 0, 0, 1, 72.73
1676199971, 0, 0, 25, 25, 1, 0.40%, 0, 0, 2, 110.56
1676199976, 0, 0, 40, 40, 1, 0.44%, 0, 0, 2, 118.09
1676199981, 0, 0, 53, 53, 1, 0.44%, 0, 0, 2, 119.83
1676199986, 0, 0, 57, 57, 1, 0.44%, 0, 0, 2, 119.93
1676199996, 0, 0, 62, 62, 1, 0.49%, 0, 0, 2, 119.82
1676200032, 0, 0, 63, 63, 1, 0.49%, 0, 0, 2, 120.06
1676200048, 0, 0, 64, 64, 1, 0.50%, 0, 0, 2, 120.26
1676200139, 0, 0, 87, 87, 1, 0.51%, 0, 0, 2, 122.61
1676200144, 0, 0, 105, 105, 1, 0.51%, 0, 0, 2, 124.01
1676200149, 0, 0, 111, 111, 1, 0.51%, 1, 0, 2, 124.24
1676200155, 0, 0, 117, 117, 1, 0.51%, 1, 0, 2, 124.90
1676200160, 0, 0, 118, 118, 1, 0.51%, 1, 0, 2, 124.57
1676200165, 0, 0, 122, 122, 1, 0.51%, 1, 0, 2, 124.74
1676200170, 0, 0, 126, 126, 1, 0.51%, 1, 0, 2, 123.68
1676200175, 0, 0, 128, 128, 1, 0.51%, 1, 0, 2, 124.22
1676200180, 0, 0, 129, 129, 1, 0.51%, 1, 0, 2, 124.13
1676200190, 0, 0, 131, 131, 1, 0.51%, 1, 0, 2, 124.61
1676200200, 0, 0, 132, 132, 1, 0.51%, 1, 0, 2, 124.70
1676200210, 0, 0, 133, 133, 1, 0.51%, 1, 0, 2, 124.84
1676200215, 0, 0, 134, 134, 1, 0.51%, 1, 0, 2, 124.45
1676200226, 0, 0, 136, 136, 1, 0.51%, 1, 0, 2, 123.90
1676200246, 0, 0, 137, 137, 1, 0.51%, 1, 0, 2, 124.59
1676200251, 0, 0, 138, 138, 1, 0.51%, 1, 0, 2, 124.45
1676200261, 0, 0, 139, 139, 1, 0.51%, 1, 0, 2, 124.42
1676200266, 0, 0, 140, 140, 1, 0.51%, 1, 0, 2, 124.61
1676200286, 0, 0, 141, 141, 1, 0.51%, 1, 0, 2, 124.39
1676200306, 0, 0, 142, 142, 1, 0.51%, 1, 0, 2, 124.51
1676200316, 0, 0, 143, 143, 1, 0.51%, 1, 0, 2, 124.61
1676200331, 0, 0, 144, 144, 1, 0.51%, 1, 0, 2, 124.46
1676200341, 0, 0, 146, 146, 1, 0.51%, 1, 0, 2, 124.27
1676200361, 0, 0, 147, 147, 1, 0.51%, 1, 0, 2, 124.33
1676200406, 0, 38, 147, 146, 16, 0.51%, 1, 0, 2, 122.86
