# unix_time, cycles_done, cur_path, paths_total, pending_total, pending_favs, map_size, unique_crashes, unique_hangs, max_depth, execs_per_sec
1676151741, 0, 0, 1, 1, 1, 0.08%, 0, 0, 1, 37.04
1676151746, 0, 0, 3, 3, 1, 0.09%, 0, 0, 2, 44.48
1676151771, 0, 0, 5, 5, 1, 0.09%, 0, 0, 2, 45.62
1676151777, 0, 0, 7, 7, 1, 0.13%, 0, 0, 2, 45.92
1676151782, 0, 0, 9, 9, 1, 0.16%, 0, 0, 2, 46.16
1676151792, 0, 0, 10, 10, 1, 0.17%, 0, 0, 2, 46.80
1676151802, 0, 0, 12, 12, 1, 0.19%, 0, 0, 2, 45.95
1676151807, 0, 0, 13, 13, 1, 0.20%, 0, 0, 2, 45.90
1676151817, 0, 0, 14, 14, 1, 0.20%, 0, 0, 2, 45.86
1676151822, 0, 0, 15, 15, 1, 0.20%, 0, 0, 2, 52.39
1676151827, 0, 0, 16, 16, 1, 0.23%, 0, 0, 2, 47.94
1676151837, 0, 0, 17, 17, 1, 0.25%, 0, 0, 2, 47.02
1676151868, 0, 0, 19, 19, 1, 0.25%, 0, 0, 2, 46.40
1676151873, 0, 0, 20, 20, 1, 0.25%, 0, 0, 2, 54.25
1676151878, 0, 0, 21, 21, 1, 0.25%, 0, 0, 2, 50.78
1676151898, 0, 0, 22, 22, 1, 0.25%, 0, 0, 2, 44.89
1676151908, 0, 8, 22, 21, 11, 0.25%, 0, 0, 2, 44.30
1676151913, 0, 8, 24, 23, 11, 0.25%, 0, 0, 3, 44.09
1676151949, 0, 8, 25, 24, 11, 0.25%, 0, 0, 3, 42.42
1676152010, 0, 8, 28, 27, 11, 0.25%, 0, 0, 3, 43.75
1676152015, 0, 8, 33, 32, 11, 0.26%, 0, 0, 3, 43.11
1676152020, 0, 8, 37, 36, 11, 0.26%, 0, 0, 3, 43.20
1676152025, 0, 8, 42, 41, 11, 0.26%, 0, 0, 3, 43.62
1676152030, 0, 8, 46, 45, 11, 0.26%, 0, 0, 3, 43.81
1676152035, 0, 8, 47, 46, 11, 0.26%, 0, 0, 3, 42.16
1676152040, 0, 8, 49, 48, 11, 0.26%, 0, 0, 3, 43.36
1676152045, 0, 8, 51, 50, 11, 0.26%, 0, 0, 3, 43.87
1676152060, 0, 8, 52, 51, 11, 0.26%, 0, 0, 3, 43.54
1676152065, 0, 8, 54, 53, 11, 0.26%, 0, 0, 3, 43.78
1676152070, 0, 8, 56, 55, 11, 0.26%, 0, 0, 3, 44.26
1676152096, 0, 8, 58, 57, 11, 0.26%, 0, 0, 3, 39.34
1676152101, 0, 8, 59, 58, 11, 0.26%, 0, 0, 3, 39.03
1676152147, 0, 8, 60, 59, 11, 0.26%, 0, 0, 3, 39.21
1676152172, 0, 8, 61, 60, 11, 0.26%, 0, 0, 3, 39.01
1676152177, 0, 16, 61, 59, 14, 0.26%, 0, 0, 3, 38.37
