# unix_time, cycles_done, cur_path, paths_total, pending_total, pending_favs, map_size, unique_crashes, unique_hangs, max_depth, execs_per_sec
1676211662, 0, 0, 1, 1, 1, 0.09%, 0, 0, 1, 91.95
1676211667, 0, 0, 22, 22, 1, 0.14%, 0, 0, 2, 140.14
1676211672, 0, 0, 26, 26, 1, 0.14%, 0, 0, 2, 150.20
1676211677, 0, 0, 27, 27, 1, 0.15%, 0, 0, 2, 152.66
1676211682, 0, 0, 28, 28, 1, 0.15%, 0, 0, 2, 153.38
1676211703, 0, 0, 29, 29, 1, 0.15%, 0, 0, 2, 152.16
1676211708, 0, 0, 45, 45, 1, 0.16%, 0, 0, 2, 153.73
1676211713, 0, 0, 48, 48, 1, 0.16%, 0, 0, 2, 153.79
1676211718, 0, 0, 50, 50, 1, 0.16%, 0, 0, 2, 153.76
1676211734, 0, 0, 51, 51, 1, 0.16%, 0, 0, 2, 153.32
1676211791, 0, 0, 52, 52, 1, 0.16%, 0, 0, 2, 153.31
1676211816, 0, 0, 53, 53, 1, 0.16%, 0, 0, 2, 153.55
1676211847, 0, 0, 55, 55, 1, 0.16%, 0, 0, 2, 153.61
1676211857, 0, 0, 56, 56, 1, 0.16%, 0, 0, 2, 153.93
1676211909, 0, 0, 57, 57, 1, 0.16%, 0, 0, 2, 153.40
1676211919, 0, 22, 57, 56, 14, 0.16%, 0, 0, 2, 142.19
1676211935, 0, 22, 58, 57, 14, 0.16%, 0, 0, 3, 152.64
1676211940, 0, 22, 59, 58, 14, 0.16%, 0, 0, 3, 151.63
1676211950, 0, 22, 60, 59, 14, 0.16%, 0, 0, 3, 151.43
1676211966, 0, 22, 61, 60, 14, 0.16%, 0, 0, 3, 151.25
1676211986, 0, 22, 62, 61, 14, 0.16%, 0, 0, 3, 151.30
1676212048, 0, 25, 62, 60, 14, 0.16%, 0, 0, 3, 151.80
1676212089, 0, 26, 62, 59, 14, 0.16%, 0, 0, 3, 152.81
