# unix_time, cycles_done, cur_path, paths_total, pending_total, pending_favs, map_size, unique_crashes, unique_hangs, max_depth, execs_per_sec
1676200866, 0, 0, 1, 1, 1, 0.11%, 0, 0, 1, 72.73
1676200871, 0, 0, 16, 16, 1, 0.15%, 0, 0, 2, 134.24
1676200876, 0, 0, 21, 21, 1, 0.16%, 0, 0, 2, 146.89
1676200886, 0, 0, 22, 22, 1, 0.16%, 0, 0, 2, 149.97
1676200907, 0, 0, 39, 39, 1, 0.18%, 0, 0, 2, 150.92
1676200912, 0, 0, 49, 49, 1, 0.19%, 0, 0, 2, 151.97
1676200917, 0, 0, 50, 50, 1, 0.19%, 0, 0, 2, 152.44
1676200922, 0, 0, 51, 51, 1, 0.19%, 0, 0, 2, 152.04
1676200927, 0, 0, 53, 53, 1, 0.19%, 0, 0, 2, 152.26
1676200943, 0, 0, 54, 54, 1, 0.19%, 0, 0, 2, 152.26
1676200948, 0, 0, 55, 55, 1, 0.19%, 0, 0, 2, 152.11
1676200958, 0, 0, 56, 56, 1, 0.19%, 0, 0, 2, 152.27
1676200990, 0, 0, 57, 57, 1, 0.19%, 0, 0, 2, 152.62
1676201000, 0, 0, 57, 57, 1, 0.19%, 1, 0, 2, 152.48
1676201124, 0, 51, 57, 56, 15, 0.19%, 1, 0, 2, 150.59
1676201155, 0, 51, 59, 58, 15, 0.19%, 1, 0, 3, 148.11
1676201160, 0, 51, 60, 59, 15, 0.19%, 1, 0, 3, 147.63
1676201170, 0, 51, 61, 60, 15, 0.19%, 1, 0, 3, 147.44
1676201185, 0, 51, 62, 61, 15, 0.19%, 1, 0, 3, 147.24
