# unix_time, cycles_done, cur_path, paths_total, pending_total, pending_favs, map_size, unique_crashes, unique_hangs, max_depth, execs_per_sec
1676166681, 0, 0, 1, 1, 1, 0.10%, 0, 0, 1, 53.33
1676166686, 0, 0, 4, 4, 1, 0.12%, 0, 0, 2, 75.12
1676166702, 0, 0, 6, 6, 1, 0.14%, 0, 0, 2, 81.40
1676166707, 0, 0, 8, 8, 1, 0.19%, 0, 0, 2, 81.12
1676166712, 0, 0, 9, 9, 1, 0.20%, 0, 0, 2, 80.60
1676166717, 0, 0, 12, 12, 1, 0.21%, 0, 0, 2, 81.28
1676166722, 0, 0, 13, 13, 1, 0.21%, 0, 0, 2, 80.77
1676166738, 0, 0, 14, 14, 1, 0.21%, 0, 0, 2, 78.80
1676166743, 0, 0, 15, 15, 1, 0.23%, 0, 0, 2, 79.63
1676166758, 0, 0, 16, 16, 1, 0.23%, 0, 0, 2, 78.86
1676166779, 0, 0, 17, 17, 1, 0.24%, 0, 0, 2, 78.88
1676166784, 0, 0, 18, 18, 1, 0.24%, 0, 0, 2, 78.71
1676166810, 0, 0, 19, 19, 1, 0.24%, 0, 0, 2, 75.34
1676166887, 0, 0, 20, 20, 1, 0.24%, 0, 0, 2, 79.89
1676166908, 0, 11, 20, 19, 13, 0.24%, 0, 0, 2, 76.19
1676166918, 0, 11, 21, 20, 13, 0.24%, 0, 0, 3, 74.72
1676166928, 0, 16, 21, 19, 12, 0.24%, 0, 0, 3, 74.07
1676166938, 0, 16, 23, 21, 12, 0.24%, 0, 0, 3, 74.19
1676166943, 0, 16, 25, 23, 12, 0.24%, 0, 0, 3, 73.70
1676166949, 0, 16, 26, 24, 12, 0.25%, 0, 0, 3, 69.25
1676166959, 0, 16, 27, 25, 12, 0.27%, 0, 0, 3, 73.41
1676166969, 0, 16, 28, 26, 12, 0.27%, 0, 0, 3, 70.45
1676166975, 0, 16, 29, 27, 12, 0.27%, 0, 0, 3, 71.49
1676166980, 0, 16, 29, 27, 12, 0.27%, 1, 0, 3, 74.21
1676166985, 0, 16, 30, 28, 12, 0.27%, 1, 0, 3, 72.58
1676167006, 0, 16, 31, 29, 12, 0.27%, 1, 0, 3, 73.51
1676167036, 0, 16, 32, 30, 12, 0.27%, 1, 0, 3, 72.68
1676167052, 0, 16, 33, 31, 12, 0.27%, 1, 0, 3, 74.19
1676167073, 0, 16, 34, 32, 12, 0.27%, 1, 0, 3, 72.64
1676167119, 0, 16, 35, 33, 12, 0.27%, 1, 0, 3, 105.51
1676167139, 0, 16, 36, 34, 12, 0.27%, 1, 0, 3, 103.90
1676167149, 0, 21, 36, 33, 13, 0.27%, 1, 0, 3, 102.52
1676167225, 0, 25, 36, 32, 12, 0.27%, 1, 0, 3, 101.81
