# unix_time, cycles_done, cur_path, paths_total, pending_total, pending_favs, map_size, unique_crashes, unique_hangs, max_depth, execs_per_sec
1676212112, 0, 0, 1, 1, 1, 0.12%, 0, 0, 1, 78.43
1676212117, 0, 0, 27, 27, 1, 0.14%, 0, 0, 2, 135.62
1676212122, 0, 0, 33, 33, 1, 0.15%, 0, 0, 2, 146.74
1676212127, 0, 0, 35, 35, 1, 0.15%, 0, 0, 2, 149.05
1676212133, 0, 0, 37, 37, 1, 0.16%, 0, 0, 2, 149.65
1676212138, 0, 0, 38, 38, 1, 0.16%, 0, 0, 2, 149.24
1676212168, 0, 0, 55, 55, 1, 0.18%, 0, 0, 2, 150.18
1676212173, 0, 0, 58, 58, 1, 0.18%, 0, 0, 2, 150.27
1676212178, 0, 0, 61, 61, 1, 0.18%, 0, 0, 2, 150.18
1676212194, 0, 0, 62, 62, 1, 0.18%, 0, 0, 2, 150.05
1676212199, 0, 0, 63, 63, 1, 0.18%, 0, 0, 2, 149.62
1676212204, 0, 0, 64, 64, 1, 0.18%, 0, 0, 2, 150.13
1676212244, 0, 0, 65, 65, 1, 0.18%, 0, 0, 2, 150.30
1676212249, 0, 0, 66, 66, 1, 0.18%, 0, 0, 2, 150.60
1676212285, 0, 0, 67, 67, 1, 0.18%, 0, 0, 2, 150.48
1676212290, 0, 0, 68, 68, 1, 0.18%, 0, 0, 2, 150.27
1676212351, 0, 0, 69, 69, 1, 0.18%, 0, 0, 2, 150.29
1676212372, 0, 0, 70, 70, 1, 0.18%, 0, 0, 2, 150.58
1676212387, 0, 28, 71, 70, 15, 0.18%, 0, 0, 3, 149.60
1676212413, 0, 28, 73, 72, 15, 0.18%, 0, 0, 3, 148.15
1676212418, 0, 28, 74, 73, 15, 0.18%, 0, 0, 3, 147.95
1676212423, 0, 28, 75, 74, 15, 0.18%, 0, 0, 3, 147.91
1676212428, 0, 28, 76, 75, 15, 0.18%, 0, 0, 3, 148.15
1676212438, 0, 28, 77, 76, 15, 0.18%, 0, 0, 3, 147.68
1676212448, 0, 28, 79, 78, 15, 0.18%, 0, 0, 3, 147.95
1676212484, 0, 28, 80, 79, 15, 0.18%, 0, 0, 3, 147.32
1676212530, 0, 28, 81, 80, 15, 0.18%, 0, 0, 3, 147.82
