# unix_time, cycles_done, cur_path, paths_total, pending_total, pending_favs, map_size, unique_crashes, unique_hangs, max_depth, execs_per_sec
1676152569, 0, 0, 1, 1, 1, 0.08%, 0, 0, 1, 38.65
1676152575, 0, 0, 3, 3, 1, 0.09%, 0, 0, 2, 43.92
1676152600, 0, 0, 5, 5, 1, 0.11%, 0, 0, 2, 46.78
1676152605, 0, 0, 6, 6, 1, 0.15%, 0, 0, 2, 46.66
1676152615, 0, 0, 8, 8, 1, 0.22%, 0, 0, 2, 45.44
1676152625, 0, 0, 10, 10, 1, 0.25%, 0, 0, 2, 44.41
1676152635, 0, 0, 12, 12, 1, 0.25%, 0, 0, 2, 45.36
1676152640, 0, 0, 13, 13, 1, 0.25%, 0, 0, 2, 45.84
1676152656, 0, 0, 14, 14, 1, 0.26%, 0, 0, 2, 45.38
1676152661, 0, 0, 16, 16, 1, 0.26%, 0, 0, 2, 45.08
1676152666, 0, 0, 17, 17, 1, 0.26%, 0, 0, 2, 45.94
1676152707, 0, 0, 18, 18, 1, 0.26%, 0, 0, 2, 49.53
1676152747, 0, 0, 19, 19, 1, 0.26%, 0, 0, 2, 45.71
1676152752, 0, 0, 20, 20, 1, 0.26%, 0, 0, 2, 45.21
1676152777, 0, 0, 21, 21, 1, 0.26%, 0, 0, 2, 44.67
1676152788, 0, 0, 22, 22, 1, 0.26%, 0, 0, 2, 43.75
1676152793, 0, 0, 23, 23, 1, 0.26%, 0, 0, 2, 44.24
1676152828, 0, 0, 24, 24, 1, 0.26%, 0, 0, 2, 45.01
1676152854, 0, 0, 25, 25, 1, 0.26%, 0, 0, 2, 42.38
1676152905, 0, 0, 26, 26, 1, 0.26%, 0, 0, 2, 42.79
1676152976, 0, 9, 28, 27, 14, 0.26%, 0, 0, 3, 38.38
1676152981, 0, 9, 30, 29, 14, 0.26%, 0, 0, 3, 38.70
1676152986, 0, 9, 33, 32, 14, 0.26%, 0, 0, 3, 37.61
1676152992, 0, 9, 37, 36, 14, 0.26%, 0, 0, 3, 37.61
1676153007, 0, 9, 38, 37, 14, 0.26%, 0, 0, 3, 37.79
1676153012, 0, 9, 39, 38, 14, 0.26%, 0, 0, 3, 36.72
1676153017, 0, 9, 41, 40, 14, 0.26%, 0, 0, 3, 36.89
1676153027, 0, 9, 42, 41, 14, 0.26%, 0, 0, 3, 37.76
1676153038, 0, 9, 43, 42, 14, 0.27%, 0, 0, 3, 35.96
1676153073, 0, 9, 44, 43, 14, 0.27%, 0, 0, 3, 39.01
