# relative_time, cycles_done, cur_item, corpus_count, pending_total, pending_favs, map_size, saved_crashes, saved_hangs, max_depth, execs_per_sec, total_execs, edges_found
61, 0, 0, 11, 11, 1, 0.00%, 0, 0, 2, 25.17, 1530, 96
66, 0, 0, 11, 11, 1, 0.00%, 0, 0, 2, 24.91, 1655, 96
71, 0, 0, 12, 12, 1, 0.00%, 0, 0, 2, 25.00, 1782, 96
76, 0, 0, 12, 12, 1, 0.00%, 0, 0, 2, 25.22, 1909, 96
81, 0, 0, 13, 13, 1, 0.00%, 0, 0, 2, 24.89, 2034, 101
86, 0, 0, 13, 13, 1, 0.00%, 0, 0, 2, 25.36, 2164, 101
91, 0, 0, 13, 13, 1, 0.00%, 0, 0, 2, 25.23, 2296, 101
96, 0, 0, 13, 13, 1, 0.00%, 0, 0, 2, 25.19, 2423, 101
101, 0, 0, 14, 14, 1, 0.00%, 0, 0, 2, 25.17, 2549, 104
106, 0, 0, 14, 14, 1, 0.00%, 0, 0, 2, 25.22, 2681, 104
112, 0, 0, 14, 14, 1, 0.00%, 0, 0, 2, 25.20, 2810, 104
117, 0, 0, 14, 14, 1, 0.00%, 0, 0, 2, 25.32, 2940, 104
122, 0, 0, 15, 15, 1, 0.00%, 0, 0, 2, 25.03, 3064, 106
127, 0, 0, 16, 16, 1, 0.00%, 0, 0, 2, 25.16, 3189, 107
132, 0, 0, 17, 17, 1, 0.00%, 0, 0, 2, 25.02, 3315, 108
137, 0, 0, 18, 18, 1, 0.00%, 0, 0, 2, 25.11, 3442, 109
142, 0, 0, 18, 18, 1, 0.00%, 0, 0, 2, 25.03, 3569, 109
147, 0, 0, 18, 18, 1, 0.00%, 0, 0, 2, 25.14, 3699, 109
152, 0, 0, 18, 18, 1, 0.00%, 0, 0, 2, 24.94, 3824, 109
157, 0, 0, 18, 18, 1, 0.00%, 0, 0, 2, 25.22, 3954, 109
163, 0, 0, 18, 18, 1, 0.00%, 0, 0, 2, 25.25, 4086, 109
168, 0, 0, 19, 19, 1, 0.00%, 0, 0, 2, 25.09, 4212, 110
173, 0, 0, 19, 19, 1, 0.00%, 0, 0, 2, 24.93, 4341, 110
178, 0, 0, 19, 19, 1, 0.00%, 0, 0, 2, 25.04, 4469, 110
183, 0, 0, 19, 19, 1, 0.00%, 0, 0, 2, 25.05, 4595, 110
188, 0, 0, 19, 19, 1, 0.00%, 0, 0, 2, 25.34, 4726, 110
193, 0, 0, 19, 19, 1, 0.00%, 0, 0, 2, 25.16, 4857, 110
198, 0, 0, 19, 19, 1, 0.00%, 0, 0, 2, 25.20, 4984, 110
204, 0, 0, 19, 19, 1, 0.00%, 0, 0, 2, 25.27, 5112, 110
209, 0, 0, 19, 19, 1, 0.00%, 0, 0, 2, 24.99, 5239, 110
214, 0, 0, 19, 19, 1, 0.00%, 0, 0, 2, 25.14, 5370, 110
219, 0, 0, 19, 19, 1, 0.00%, 0, 0, 2, 25.33, 5501, 110
224, 0, 0, 19, 19, 1, 0.00%, 0, 0, 2, 25.22, 5629, 110
229, 0, 0, 19, 19, 1, 0.00%, 0, 0, 2, 25.28, 5757, 110
234, 0, 0, 19, 19, 1, 0.00%, 0, 0, 2, 25.20, 5884, 110
239, 0, 0, 19, 19, 1, 0.00%, 0, 0, 2, 25.17, 6012, 110
244, 0, 0, 19, 19, 1, 0.00%, 0, 0, 2, 25.24, 6143, 110
250, 0, 0, 20, 20, 1, 0.00%, 0, 0, 2, 25.18, 6271, 110
255, 0, 0, 21, 21, 1, 0.00%, 0, 0, 2, 24.79, 6403, 111
260, 0, 0, 21, 21, 1, 0.00%, 0, 0, 2, 25.31, 6532, 111
265, 0, 0, 22, 22, 1, 0.00%, 0, 0, 2, 24.94, 6656, 112
270, 0, 0, 23, 23, 1, 0.00%, 0, 0, 2, 24.91, 6780, 113
275, 0, 0, 28, 28, 1, 0.00%, 0, 0, 2, 24.50, 6900, 114
280, 0, 0, 33, 33, 1, 0.00%, 0, 0, 2, 24.20, 7021, 118
285, 0, 0, 34, 34, 1, 0.00%, 0, 0, 2, 24.60, 7145, 118
291, 0, 0, 35, 35, 1, 0.00%, 0, 0, 2, 24.78, 7271, 118
296, 0, 0, 36, 36, 1, 0.00%, 0, 0, 2, 24.70, 7401, 118
301, 0, 0, 36, 36, 1, 0.00%, 0, 0, 2, 24.65, 7528, 118
306, 0, 0, 36, 36, 1, 0.00%, 0, 0, 2, 24.89, 7653, 118
311, 0, 0, 36, 36, 1, 0.00%, 0, 0, 2, 25.04, 7782, 118
316, 0, 0, 36, 36, 1, 0.00%, 0, 0, 2, 24.92, 7911, 118
321, 0, 0, 36, 36, 1, 0.00%, 0, 0, 2, 24.71, 8036, 118
327, 0, 0, 37, 37, 1, 0.00%, 0, 0, 2, 24.82, 8161, 120
332, 0, 0, 38, 38, 1, 0.00%, 0, 0, 2, 25.08, 8299, 121
337, 0, 0, 38, 38, 1, 0.00%, 0, 0, 2, 24.76, 8428, 121
342, 0, 0, 43, 43, 1, 0.00%, 0, 0, 2, 23.97, 8543, 123
348, 0, 0, 45, 45, 1, 0.00%, 0, 0, 2, 24.33, 8676, 124
353, 0, 0, 49, 49, 1, 0.00%, 0, 0, 2, 23.93, 8804, 125
359, 0, 0, 49, 49, 1, 0.00%, 0, 0, 2, 24.16, 8930, 125
364, 0, 0, 51, 51, 1, 0.00%, 0, 0, 2, 23.51, 9049, 125
369, 0, 0, 51, 51, 1, 0.00%, 0, 0, 2, 24.43, 9176, 125
374, 0, 0, 51, 51, 1, 0.00%, 0, 0, 2, 24.66, 9301, 125
379, 0, 0, 51, 51, 1, 0.00%, 0, 0, 2, 24.81, 9427, 125
384, 0, 0, 52, 52, 1, 0.00%, 0, 0, 2, 24.54, 9549, 125
389, 0, 0, 52, 52, 1, 0.00%, 0, 0, 2, 24.71, 9675, 125
394, 0, 0, 52, 52, 1, 0.00%, 0, 0, 2, 24.82, 9801, 125
399, 0, 0, 52, 52, 1, 0.00%, 0, 0, 2, 24.77, 9928, 125
404, 0, 0, 52, 52, 1, 0.00%, 0, 0, 2, 25.18, 10054, 125
409, 0, 0, 52, 52, 1, 0.00%, 0, 0, 2, 25.09, 10182, 125
414, 0, 11, 52, 51, 21, 0.00%, 0, 0, 2, 24.69, 10307, 125
420, 0, 11, 53, 52, 21, 0.00%, 0, 0, 3, 24.86, 10435, 125
425, 0, 1, 53, 51, 20, 0.00%, 0, 0, 3, 24.82, 10563, 125
430, 0, 14, 53, 50, 19, 0.00%, 0, 0, 3, 24.76, 10689, 125
435, 0, 14, 53, 50, 19, 0.00%, 0, 0, 3, 24.76, 10814, 125
440, 0, 18, 53, 49, 18, 0.00%, 0, 0, 3, 24.81, 10942, 125
445, 0, 18, 53, 49, 18, 0.00%, 0, 0, 3, 24.67, 11067, 125
450, 0, 12, 53, 48, 17, 0.00%, 0, 0, 3, 24.75, 11193, 125
455, 0, 12, 53, 48, 17, 0.00%, 0, 0, 3, 24.93, 11320, 125
460, 0, 4, 54, 48, 16, 0.00%, 0, 0, 3, 24.25, 11441, 127
465, 0, 4, 54, 48, 16, 0.00%, 1, 0, 3, 24.61, 11566, 127
471, 0, 25, 54, 47, 17, 0.00%, 1, 0, 3, 24.48, 11690, 127
476, 0, 25, 54, 47, 17, 0.00%, 1, 0, 3, 24.68, 11815, 127
481, 0, 15, 54, 46, 16, 0.00%, 1, 0, 3, 24.21, 11936, 127
486, 0, 15, 54, 46, 16, 0.00%, 1, 0, 3, 24.79, 12061, 127
491, 0, 27, 54, 45, 15, 0.00%, 1, 0, 3, 24.74, 12187, 127
496, 0, 27, 54, 45, 15, 0.00%, 1, 0, 3, 24.77, 12313, 127
501, 0, 17, 54, 44, 14, 0.00%, 1, 0, 3, 24.74, 12439, 127
506, 0, 29, 54, 43, 13, 0.00%, 1, 0, 3, 24.92, 12565, 127
511, 0, 29, 54, 43, 13, 0.00%, 1, 0, 3, 24.59, 12690, 127
516, 0, 53, 54, 42, 12, 0.00%, 1, 0, 3, 24.75, 12816, 127
521, 0, 53, 54, 42, 12, 0.00%, 1, 0, 3, 24.44, 12940, 127
526, 0, 53, 54, 42, 12, 0.00%, 1, 0, 3, 24.67, 13065, 127
531, 0, 36, 54, 41, 11, 0.00%, 1, 0, 3, 24.58, 13187, 127
536, 0, 36, 54, 41, 11, 0.00%, 1, 0, 3, 24.73, 13312, 127
542, 0, 16, 54, 40, 10, 0.00%, 1, 0, 3, 24.77, 13438, 127
547, 0, 16, 54, 40, 10, 0.00%, 1, 0, 3, 24.83, 13565, 127
552, 0, 39, 54, 39, 9, 0.00%, 1, 0, 3, 24.63, 13689, 127
557, 0, 39, 54, 39, 9, 0.00%, 1, 0, 3, 24.81, 13817, 127
562, 0, 21, 54, 38, 8, 0.00%, 1, 0, 3, 24.58, 13941, 127
567, 0, 21, 54, 38, 8, 0.00%, 1, 0, 3, 24.54, 14066, 127
572, 0, 7, 54, 37, 7, 0.00%, 1, 0, 3, 24.56, 14191, 127
577, 0, 35, 54, 36, 6, 0.00%, 1, 0, 3, 24.18, 14316, 127
582, 0, 35, 54, 36, 6, 0.00%, 1, 0, 3, 24.48, 14441, 127
588, 0, 48, 54, 35, 5, 0.00%, 1, 0, 3, 24.01, 14566, 127
593, 0, 48, 54, 35, 5, 0.00%, 1, 0, 3, 24.56, 14690, 127
598, 0, 31, 54, 34, 4, 0.00%, 1, 0, 3, 24.40, 14813, 127
598, 0, 31, 54, 34, 4, 0.00%, 1, 0, 3, 24.30, 14826, 127
