# relative_time, cycles_done, cur_item, corpus_count, pending_total, pending_favs, map_size, saved_crashes, saved_hangs, max_depth, execs_per_sec, total_execs, edges_found
61, 0, 0, 7, 7, 1, 0.00%, 0, 0, 2, 8.86, 553, 114
66, 0, 0, 7, 7, 1, 0.00%, 0, 0, 2, 9.92, 606, 114
71, 0, 0, 7, 7, 1, 0.00%, 0, 0, 2, 10.13, 659, 114
76, 0, 0, 7, 7, 1, 0.00%, 0, 0, 2, 9.89, 708, 114
82, 0, 0, 7, 7, 1, 0.00%, 0, 0, 2, 10.16, 762, 114
87, 0, 0, 8, 8, 1, 0.00%, 0, 0, 2, 9.87, 810, 164
92, 0, 0, 8, 8, 1, 0.00%, 0, 0, 2, 8.89, 850, 164
97, 0, 0, 8, 8, 1, 0.00%, 0, 0, 2, 9.38, 900, 164
102, 0, 0, 9, 9, 1, 0.00%, 0, 0, 2, 9.66, 949, 168
108, 0, 0, 9, 9, 1, 0.00%, 0, 0, 2, 10.22, 1004, 168
113, 0, 0, 10, 10, 1, 0.00%, 0, 0, 2, 9.10, 1045, 169
118, 0, 0, 10, 10, 1, 0.00%, 0, 0, 2, 9.34, 1094, 169
123, 0, 0, 10, 10, 1, 0.00%, 0, 0, 2, 10.01, 1148, 169
128, 0, 0, 10, 10, 1, 0.00%, 0, 0, 2, 9.68, 1195, 169
133, 0, 0, 10, 10, 1, 0.00%, 0, 0, 2, 10.40, 1249, 169
138, 0, 0, 10, 10, 1, 0.00%, 0, 0, 2, 10.58, 1304, 169
144, 0, 0, 11, 11, 1, 0.00%, 0, 0, 2, 10.53, 1364, 170
149, 0, 0, 11, 11, 1, 0.00%, 0, 0, 2, 10.69, 1420, 170
154, 0, 0, 12, 12, 1, 0.00%, 0, 0, 2, 10.68, 1472, 173
160, 0, 0, 12, 12, 1, 0.00%, 0, 0, 2, 10.81, 1529, 173
165, 0, 0, 13, 13, 1, 0.00%, 0, 0, 2, 10.73, 1584, 173
170, 0, 0, 14, 14, 1, 0.00%, 0, 0, 2, 10.72, 1639, 174
175, 0, 0, 15, 15, 1, 0.00%, 0, 0, 2, 10.74, 1693, 187
181, 0, 0, 15, 15, 1, 0.00%, 0, 0, 2, 10.50, 1748, 187
186, 0, 0, 15, 15, 1, 0.00%, 0, 0, 2, 10.80, 1804, 187
191, 0, 0, 15, 15, 1, 0.00%, 0, 0, 2, 9.46, 1852, 187
196, 0, 0, 15, 15, 1, 0.00%, 0, 0, 2, 10.40, 1906, 187
201, 0, 0, 15, 15, 1, 0.00%, 0, 0, 2, 10.63, 1963, 187
206, 0, 0, 15, 15, 1, 0.00%, 0, 0, 2, 10.84, 2018, 187
211, 0, 0, 15, 15, 1, 0.00%, 0, 0, 2, 10.85, 2074, 187
217, 0, 0, 16, 16, 1, 0.00%, 0, 0, 2, 10.69, 2129, 189
222, 0, 0, 16, 16, 1, 0.00%, 0, 0, 2, 10.83, 2184, 189
227, 0, 0, 17, 17, 1, 0.00%, 0, 0, 2, 10.08, 2235, 192
232, 0, 0, 17, 17, 1, 0.00%, 0, 0, 2, 10.55, 2290, 192
237, 0, 0, 17, 17, 1, 0.00%, 0, 0, 2, 10.79, 2347, 192
242, 0, 0, 17, 17, 1, 0.00%, 0, 0, 2, 10.72, 2402, 192
248, 0, 0, 17, 17, 1, 0.00%, 0, 0, 2, 10.80, 2457, 192
253, 0, 0, 17, 17, 1, 0.00%, 0, 0, 2, 10.88, 2513, 192
258, 0, 0, 17, 17, 1, 0.00%, 0, 0, 2, 10.70, 2569, 192
263, 0, 0, 17, 17, 1, 0.00%, 0, 0, 2, 10.73, 2623, 192
268, 0, 0, 17, 17, 1, 0.00%, 0, 0, 2, 10.87, 2679, 192
273, 0, 0, 17, 17, 1, 0.00%, 0, 0, 2, 10.78, 2733, 192
278, 0, 0, 17, 17, 1, 0.00%, 0, 0, 2, 10.93, 2789, 192
283, 0, 0, 17, 17, 1, 0.00%, 0, 0, 2, 10.96, 2846, 192
288, 0, 0, 18, 18, 1, 0.00%, 0, 0, 2, 10.99, 2900, 205
293, 0, 0, 18, 18, 1, 0.00%, 0, 0, 2, 11.07, 2957, 205
299, 0, 0, 18, 18, 1, 0.00%, 0, 0, 2, 10.99, 3013, 205
304, 0, 0, 18, 18, 1, 0.00%, 0, 0, 2, 10.83, 3068, 205
309, 0, 0, 18, 18, 1, 0.00%, 0, 0, 2, 10.72, 3122, 205
314, 0, 0, 18, 18, 1, 0.00%, 0, 0, 2, 10.73, 3177, 205
319, 0, 0, 18, 18, 1, 0.00%, 0, 0, 2, 10.78, 3234, 205
324, 0, 0, 18, 18, 1, 0.00%, 0, 0, 2, 15.21, 3311, 205
330, 0, 0, 19, 19, 1, 0.00%, 0, 0, 2, 14.67, 3397, 206
335, 0, 0, 21, 21, 1, 0.00%, 0, 0, 2, 12.11, 3448, 207
340, 0, 0, 24, 24, 1, 0.00%, 0, 0, 2, 11.02, 3495, 210
345, 0, 0, 25, 25, 1, 0.00%, 0, 0, 2, 10.46, 3546, 213
350, 0, 0, 26, 26, 1, 0.00%, 0, 0, 2, 10.23, 3598, 225
355, 0, 0, 26, 26, 1, 0.00%, 0, 0, 2, 10.32, 3650, 225
361, 0, 0, 28, 28, 1, 0.00%, 0, 0, 2, 10.09, 3703, 229
366, 0, 0, 28, 28, 1, 0.00%, 0, 0, 2, 10.12, 3754, 229
371, 0, 0, 28, 28, 1, 0.00%, 0, 0, 2, 9.89, 3805, 229
376, 0, 0, 28, 28, 1, 0.00%, 0, 0, 2, 10.06, 3857, 229
382, 0, 0, 29, 29, 1, 0.00%, 0, 0, 2, 10.23, 3916, 231
387, 0, 0, 30, 30, 1, 0.00%, 0, 0, 2, 10.23, 3967, 233
392, 0, 0, 30, 30, 1, 0.00%, 0, 0, 2, 10.38, 4021, 233
397, 0, 0, 30, 30, 1, 0.00%, 0, 0, 2, 10.10, 4072, 233
402, 0, 0, 30, 30, 1, 0.00%, 0, 0, 2, 10.05, 4123, 233
407, 0, 0, 30, 30, 1, 0.00%, 0, 0, 2, 10.16, 4175, 233
412, 0, 0, 30, 30, 1, 0.00%, 0, 0, 2, 10.05, 4226, 233
417, 0, 0, 30, 30, 1, 0.00%, 0, 0, 2, 9.80, 4275, 233
423, 0, 0, 30, 30, 1, 0.00%, 0, 0, 2, 9.18, 4322, 233
428, 0, 0, 31, 31, 1, 0.00%, 0, 0, 2, 9.14, 4367, 233
433, 0, 0, 31, 31, 1, 0.00%, 0, 0, 2, 8.88, 4412, 233
438, 0, 0, 31, 31, 1, 0.00%, 0, 0, 2, 9.13, 4458, 233
443, 0, 0, 31, 31, 1, 0.00%, 0, 0, 2, 9.09, 4505, 233
448, 0, 0, 31, 31, 1, 0.00%, 0, 0, 2, 9.68, 4555, 233
453, 0, 0, 31, 31, 1, 0.00%, 0, 0, 2, 9.53, 4604, 233
458, 0, 0, 31, 31, 1, 0.00%, 0, 0, 2, 9.82, 4655, 233
464, 0, 0, 31, 31, 1, 0.00%, 0, 0, 2, 9.27, 4700, 233
469, 0, 0, 31, 31, 1, 0.00%, 0, 0, 2, 9.65, 4749, 233
474, 0, 0, 31, 31, 1, 0.00%, 0, 0, 2, 9.46, 4797, 233
479, 0, 0, 31, 31, 1, 0.00%, 0, 0, 2, 9.02, 4843, 233
484, 0, 0, 31, 31, 1, 0.00%, 0, 0, 2, 9.19, 4890, 233
489, 0, 0, 31, 31, 1, 0.00%, 0, 0, 2, 9.32, 4938, 233
494, 0, 0, 32, 32, 1, 0.00%, 0, 0, 2, 9.28, 4984, 233
499, 0, 0, 32, 32, 1, 0.00%, 0, 0, 2, 9.34, 5033, 233
505, 0, 0, 32, 32, 1, 0.00%, 0, 0, 2, 9.33, 5081, 233
510, 0, 0, 32, 32, 1, 0.00%, 0, 0, 2, 9.44, 5129, 233
515, 0, 2, 32, 31, 22, 0.00%, 0, 0, 2, 9.02, 5175, 233
520, 0, 17, 32, 30, 21, 0.00%, 0, 0, 2, 9.09, 5221, 233
525, 0, 17, 32, 30, 21, 0.00%, 0, 0, 2, 9.39, 5270, 233
530, 0, 17, 32, 30, 21, 0.00%, 0, 0, 2, 9.42, 5318, 233
535, 0, 17, 32, 30, 21, 0.00%, 0, 0, 2, 9.36, 5366, 233
540, 0, 17, 33, 31, 21, 0.00%, 0, 0, 3, 7.99, 5403, 233
546, 0, 24, 33, 30, 20, 0.00%, 0, 0, 3, 8.58, 5446, 233
552, 0, 24, 35, 32, 20, 0.00%, 0, 0, 3, 8.84, 5498, 233
558, 0, 24, 38, 35, 20, 0.00%, 0, 0, 3, 8.21, 5544, 242
563, 0, 24, 40, 37, 20, 0.00%, 0, 0, 3, 8.91, 5590, 242
568, 0, 24, 42, 39, 20, 0.00%, 0, 0, 3, 8.54, 5631, 242
573, 0, 24, 43, 40, 20, 0.00%, 0, 0, 3, 7.99, 5670, 242
578, 0, 24, 43, 40, 20, 0.00%, 0, 0, 3, 9.12, 5717, 242
583, 0, 24, 45, 42, 20, 0.00%, 0, 0, 3, 9.60, 5766, 251
589, 0, 24, 47, 44, 20, 0.00%, 0, 0, 3, 9.41, 5818, 262
594, 0, 24, 48, 45, 20, 0.00%, 0, 0, 3, 9.54, 5865, 264
597, 0, 24, 48, 45, 20, 0.00%, 0, 0, 3, 9.38, 5895, 264
