# unix_time, cycles_done, cur_path, paths_total, pending_total, pending_favs, map_size, unique_crashes, unique_hangs, max_depth, execs_per_sec
1676036395, 0, 0, 1, 1, 1, 0.13%, 0, 0, 1, 85.11
1676036400, 0, 0, 4, 4, 1, 0.15%, 0, 0, 2, 106.99
1676036410, 0, 0, 5, 5, 1, 0.17%, 0, 0, 2, 109.68
1676036415, 0, 0, 9, 9, 1, 0.27%, 0, 0, 2, 111.76
1676036420, 0, 0, 10, 10, 1, 0.27%, 0, 0, 2, 111.88
1676036425, 0, 0, 11, 11, 1, 0.30%, 0, 0, 2, 116.88
1676036435, 0, 0, 12, 12, 1, 0.31%, 0, 0, 2, 108.89
1676036441, 0, 0, 13, 13, 1, 0.31%, 0, 0, 2, 109.92
1676036471, 0, 0, 14, 14, 1, 0.31%, 0, 0, 2, 109.94
1676036482, 0, 0, 15, 15, 1, 0.33%, 0, 0, 2, 108.72
1676036487, 0, 0, 17, 17, 1, 0.34%, 0, 0, 2, 108.27
1676036497, 0, 0, 18, 18, 1, 0.34%, 0, 0, 2, 109.28
1676036528, 0, 0, 19, 19, 1, 0.34%, 0, 0, 2, 112.42
1676036553, 0, 0, 20, 20, 1, 0.34%, 0, 0, 2, 112.06
1676036574, 0, 0, 21, 21, 1, 0.34%, 0, 0, 2, 111.38
1676036610, 0, 0, 22, 22, 1, 0.34%, 0, 0, 2, 118.27
1676036691, 0, 0, 23, 23, 1, 0.35%, 0, 0, 2, 117.87
1676036696, 0, 14, 23, 22, 13, 0.35%, 0, 0, 2, 114.49
1676036701, 0, 14, 26, 25, 13, 0.35%, 0, 0, 3, 111.50
1676036706, 0, 14, 29, 28, 13, 0.35%, 0, 0, 3, 110.25
1676036711, 0, 14, 30, 29, 13, 0.35%, 0, 0, 3, 110.40
1676036722, 0, 14, 31, 30, 13, 0.35%, 1, 0, 3, 110.05
1676036727, 0, 14, 33, 32, 13, 0.35%, 1, 0, 3, 110.28
1676036732, 0, 14, 34, 33, 13, 0.35%, 1, 0, 3, 109.54
1676036737, 0, 14, 36, 35, 13, 0.35%, 1, 0, 3, 109.84
1676036742, 0, 14, 37, 36, 13, 0.35%, 1, 0, 3, 109.57
1676036752, 0, 14, 38, 37, 13, 0.35%, 1, 0, 3, 110.22
1676036757, 0, 14, 39, 38, 13, 0.35%, 1, 0, 3, 109.87
1676036768, 0, 14, 41, 40, 13, 0.35%, 1, 0, 3, 109.32
1676036773, 0, 14, 43, 42, 13, 0.35%, 1, 0, 3, 110.06
1676036778, 0, 14, 46, 45, 13, 0.35%, 1, 0, 3, 109.60
1676036793, 0, 14, 47, 46, 13, 0.35%, 1, 0, 3, 109.20
1676036803, 0, 14, 48, 47, 13, 0.35%, 1, 0, 3, 109.37
1676036808, 0, 14, 49, 48, 13, 0.35%, 1, 0, 3, 109.47
1676036834, 0, 14, 50, 49, 13, 0.35%, 1, 0, 3, 109.42
1676036844, 0, 14, 51, 50, 13, 0.35%, 1, 0, 3, 109.56
1676036885, 0, 14, 52, 51, 13, 0.35%, 1, 0, 3, 109.22
1676036920, 0, 14, 53, 52, 13, 0.35%, 1, 0, 3, 107.98
1676036945, 0, 14, 54, 53, 13, 0.35%, 1, 0, 3, 109.10
1676036986, 0, 14, 55, 54, 13, 0.35%, 1, 0, 3, 109.26
