# unix_time, cycles_done, cur_path, paths_total, pending_total, pending_favs, map_size, unique_crashes, unique_hangs, max_depth, execs_per_sec
1676211212, 0, 0, 1, 1, 1, 0.09%, 0, 0, 1, 82.47
1676211217, 0, 0, 25, 25, 1, 0.14%, 0, 0, 2, 140.02
1676211222, 0, 0, 29, 29, 1, 0.14%, 0, 0, 2, 151.48
1676211227, 0, 0, 30, 30, 1, 0.15%, 0, 0, 2, 153.92
1676211232, 0, 0, 31, 31, 1, 0.15%, 0, 0, 2, 154.56
1676211258, 0, 0, 46, 46, 1, 0.16%, 1, 0, 2, 154.66
1676211263, 0, 0, 47, 47, 1, 0.16%, 1, 0, 2, 155.06
1676211273, 0, 0, 48, 48, 1, 0.16%, 1, 0, 2, 154.98
1676211309, 0, 0, 49, 49, 1, 0.16%, 1, 0, 2, 154.48
1676211453, 0, 0, 50, 50, 1, 0.16%, 1, 0, 2, 153.83
1676211458, 0, 0, 51, 51, 1, 0.16%, 1, 0, 2, 154.27
1676211463, 0, 0, 52, 52, 1, 0.16%, 1, 0, 2, 153.57
1676211468, 0, 25, 52, 51, 15, 0.16%, 1, 0, 2, 153.41
1676211489, 0, 25, 53, 52, 15, 0.16%, 1, 0, 3, 151.31
1676211499, 0, 25, 55, 54, 15, 0.16%, 1, 0, 3, 150.96
1676211534, 0, 25, 56, 55, 15, 0.16%, 1, 0, 3, 150.99
1676211595, 0, 28, 56, 54, 15, 0.16%, 1, 0, 3, 151.18
1676211637, 0, 28, 57, 55, 15, 0.16%, 1, 0, 3, 151.74
1676211647, 0, 29, 57, 54, 14, 0.16%, 1, 0, 3, 152.64
