# relative_time, cycles_done, cur_item, corpus_count, pending_total, pending_favs, map_size, saved_crashes, saved_hangs, max_depth, execs_per_sec, total_execs, edges_found
62, 0, 0, 13, 13, 1, 0.00%, 0, 0, 2, 25.71, 1586, 107
67, 0, 0, 13, 13, 1, 0.00%, 0, 0, 2, 25.75, 1717, 107
72, 0, 0, 13, 13, 1, 0.00%, 0, 0, 2, 25.85, 1849, 107
77, 0, 0, 13, 13, 1, 0.00%, 0, 0, 2, 25.90, 1981, 107
82, 0, 0, 13, 13, 1, 0.00%, 0, 0, 2, 25.90, 2113, 107
87, 0, 0, 13, 13, 1, 0.00%, 0, 0, 2, 25.67, 2244, 107
92, 0, 0, 13, 13, 1, 0.00%, 0, 0, 2, 25.45, 2373, 107
97, 0, 0, 13, 13, 1, 0.00%, 0, 0, 2, 25.12, 2502, 107
102, 0, 0, 13, 13, 1, 0.00%, 0, 0, 2, 24.89, 2631, 107
107, 0, 0, 13, 13, 1, 0.00%, 0, 0, 2, 25.23, 2758, 107
113, 0, 0, 13, 13, 1, 0.00%, 0, 0, 2, 25.25, 2889, 107
118, 0, 0, 14, 14, 1, 0.00%, 0, 0, 2, 25.02, 3013, 108
123, 0, 0, 14, 14, 1, 0.00%, 0, 0, 2, 24.86, 3140, 108
128, 0, 0, 14, 14, 1, 0.00%, 0, 0, 2, 24.67, 3265, 108
133, 0, 0, 14, 14, 1, 0.00%, 0, 0, 2, 24.88, 3391, 108
138, 0, 0, 14, 14, 1, 0.00%, 0, 0, 2, 24.78, 3517, 108
143, 0, 0, 14, 14, 1, 0.00%, 0, 0, 2, 24.86, 3644, 108
148, 0, 0, 14, 14, 1, 0.00%, 0, 0, 2, 24.86, 3770, 108
153, 0, 0, 14, 14, 1, 0.00%, 0, 0, 2, 24.68, 3895, 108
158, 0, 0, 15, 15, 1, 0.00%, 0, 0, 2, 24.15, 4015, 131
163, 0, 0, 15, 15, 1, 0.00%, 0, 0, 2, 24.52, 4140, 131
168, 0, 0, 15, 15, 1, 0.00%, 0, 0, 2, 24.68, 4265, 131
173, 0, 0, 15, 15, 1, 0.00%, 0, 0, 2, 24.61, 4390, 131
179, 0, 0, 16, 16, 1, 0.00%, 0, 0, 2, 24.44, 4515, 132
184, 0, 0, 16, 16, 1, 0.00%, 0, 0, 2, 24.32, 4639, 132
189, 0, 0, 16, 16, 1, 0.00%, 0, 0, 2, 24.35, 4764, 132
194, 0, 0, 16, 16, 1, 0.00%, 0, 0, 2, 24.42, 4889, 132
199, 0, 0, 17, 17, 1, 0.00%, 0, 0, 2, 24.22, 5012, 133
204, 0, 0, 19, 19, 1, 0.00%, 0, 0, 2, 24.26, 5134, 135
209, 0, 0, 20, 20, 1, 0.00%, 0, 0, 2, 24.31, 5259, 137
215, 0, 0, 20, 20, 1, 0.00%, 0, 0, 2, 24.22, 5384, 137
220, 0, 0, 20, 20, 1, 0.00%, 0, 0, 2, 24.19, 5509, 137
225, 0, 0, 20, 20, 1, 0.00%, 0, 0, 2, 24.23, 5633, 137
230, 0, 0, 20, 20, 1, 0.00%, 0, 0, 2, 24.32, 5758, 137
235, 0, 0, 20, 20, 1, 0.00%, 0, 0, 2, 24.33, 5883, 137
240, 0, 0, 20, 20, 1, 0.00%, 0, 0, 2, 24.19, 6008, 137
245, 0, 0, 21, 21, 1, 0.00%, 0, 0, 2, 23.85, 6126, 137
250, 0, 0, 21, 21, 1, 0.00%, 0, 0, 2, 23.99, 6246, 137
256, 0, 0, 21, 21, 1, 0.00%, 0, 0, 2, 24.21, 6371, 137
261, 0, 0, 21, 21, 1, 0.00%, 0, 0, 2, 24.18, 6496, 137
266, 0, 0, 21, 21, 1, 0.00%, 0, 0, 2, 23.99, 6620, 137
271, 0, 0, 23, 23, 1, 0.00%, 0, 0, 2, 23.78, 6744, 139
277, 0, 0, 28, 28, 1, 0.00%, 0, 0, 2, 23.12, 6865, 147
282, 0, 0, 31, 31, 1, 0.00%, 0, 0, 2, 23.43, 6982, 147
287, 0, 0, 34, 34, 1, 0.00%, 0, 0, 2, 23.74, 7101, 147
292, 0, 0, 35, 35, 1, 0.00%, 0, 0, 2, 23.90, 7222, 147
297, 0, 0, 39, 39, 1, 0.00%, 0, 0, 2, 23.43, 7346, 147
302, 0, 0, 39, 39, 1, 0.00%, 0, 0, 2, 23.93, 7470, 147
308, 0, 0, 41, 41, 1, 0.00%, 0, 0, 2, 23.81, 7588, 149
313, 0, 0, 42, 42, 1, 0.00%, 0, 0, 2, 23.76, 7709, 149
318, 0, 0, 42, 42, 1, 0.00%, 0, 0, 2, 23.79, 7829, 149
323, 0, 0, 42, 42, 1, 0.00%, 0, 0, 2, 23.95, 7949, 149
328, 0, 0, 42, 42, 1, 0.00%, 0, 0, 2, 23.84, 8074, 149
333, 0, 0, 42, 42, 1, 0.00%, 0, 0, 2, 24.10, 8201, 149
338, 0, 0, 42, 42, 1, 0.00%, 0, 0, 2, 23.75, 8321, 149
343, 0, 0, 42, 42, 1, 0.00%, 0, 0, 2, 23.91, 8446, 149
348, 0, 0, 43, 43, 1, 0.00%, 0, 0, 2, 23.68, 8564, 149
354, 0, 1, 44, 43, 20, 0.00%, 0, 0, 2, 23.27, 8679, 151
359, 0, 1, 46, 45, 20, 0.00%, 0, 0, 3, 23.52, 8800, 153
364, 0, 12, 46, 44, 21, 0.00%, 0, 0, 3, 23.15, 8917, 153
369, 0, 12, 46, 44, 21, 0.00%, 0, 0, 3, 23.67, 9037, 153
374, 0, 3, 47, 44, 20, 0.00%, 0, 0, 3, 23.10, 9156, 153
379, 0, 3, 48, 45, 20, 0.00%, 0, 0, 3, 23.61, 9274, 153
384, 0, 30, 48, 44, 19, 0.00%, 0, 0, 3, 23.24, 9392, 153
389, 0, 30, 51, 47, 19, 0.00%, 0, 0, 3, 23.16, 9509, 154
395, 0, 30, 55, 51, 19, 0.00%, 0, 0, 3, 22.80, 9627, 157
400, 0, 30, 57, 53, 19, 0.00%, 0, 0, 3, 23.51, 9744, 157
405, 0, 30, 57, 53, 19, 0.00%, 0, 0, 3, 24.03, 9866, 157
410, 0, 30, 58, 54, 19, 0.00%, 0, 0, 3, 23.37, 9984, 157
415, 0, 30, 58, 54, 19, 0.00%, 0, 0, 3, 23.81, 10104, 157
420, 0, 30, 58, 54, 19, 0.00%, 0, 0, 3, 23.91, 10224, 157
425, 0, 30, 58, 54, 19, 0.00%, 0, 0, 3, 23.62, 10343, 157
430, 0, 30, 58, 54, 19, 0.00%, 0, 0, 3, 23.75, 10463, 157
435, 0, 30, 59, 55, 19, 0.00%, 0, 0, 3, 23.51, 10584, 158
440, 0, 30, 60, 56, 19, 0.00%, 0, 0, 3, 23.46, 10701, 158
445, 0, 30, 60, 56, 19, 0.00%, 0, 0, 3, 23.75, 10821, 158
450, 0, 30, 62, 58, 19, 0.00%, 0, 0, 3, 23.38, 10940, 158
455, 0, 30, 63, 59, 19, 0.00%, 0, 0, 3, 23.58, 11058, 158
460, 0, 30, 63, 59, 19, 0.00%, 0, 0, 3, 23.58, 11178, 158
466, 0, 8, 64, 59, 22, 0.00%, 0, 0, 3, 22.55, 11293, 158
471, 0, 8, 64, 59, 22, 0.00%, 0, 0, 3, 23.59, 11413, 158
476, 0, 43, 64, 58, 21, 0.00%, 0, 0, 3, 23.47, 11533, 158
481, 0, 43, 64, 58, 21, 0.00%, 0, 0, 3, 23.00, 11651, 158
486, 0, 43, 64, 58, 21, 0.00%, 0, 0, 3, 23.50, 11771, 158
491, 0, 45, 64, 57, 20, 0.00%, 0, 0, 3, 23.47, 11890, 158
496, 0, 45, 66, 59, 20, 0.00%, 0, 0, 4, 22.91, 12009, 158
502, 0, 45, 67, 60, 20, 0.00%, 0, 0, 4, 23.37, 12128, 158
507, 0, 18, 67, 59, 19, 0.00%, 0, 0, 4, 23.34, 12246, 158
512, 0, 18, 68, 60, 19, 0.00%, 0, 0, 4, 23.09, 12364, 160
517, 0, 14, 68, 59, 18, 0.00%, 1, 0, 4, 23.26, 12482, 160
522, 0, 14, 68, 59, 18, 0.00%, 1, 0, 4, 23.60, 12602, 160
527, 0, 13, 69, 59, 17, 0.00%, 1, 0, 4, 23.32, 12721, 160
532, 0, 13, 70, 60, 17, 0.00%, 1, 0, 4, 23.42, 12840, 161
537, 0, 6, 70, 59, 15, 0.00%, 1, 0, 4, 23.43, 12960, 161
543, 0, 6, 70, 59, 15, 0.00%, 1, 0, 4, 23.31, 13079, 161
548, 0, 57, 70, 58, 14, 0.00%, 1, 0, 4, 23.51, 13199, 161
553, 0, 57, 70, 58, 14, 0.00%, 1, 0, 4, 23.52, 13319, 161
558, 0, 10, 70, 57, 13, 0.00%, 1, 0, 4, 22.56, 13435, 161
563, 0, 10, 70, 57, 13, 0.00%, 1, 0, 4, 23.32, 13555, 161
568, 0, 58, 70, 56, 12, 0.00%, 1, 0, 4, 23.32, 13675, 161
573, 0, 58, 70, 56, 12, 0.00%, 1, 0, 4, 23.29, 13795, 161
578, 0, 40, 71, 56, 11, 0.00%, 1, 0, 4, 23.04, 13911, 161
584, 0, 40, 71, 56, 11, 0.00%, 1, 0, 4, 23.21, 14030, 161
589, 0, 40, 71, 56, 11, 0.00%, 1, 0, 4, 23.34, 14150, 161
594, 0, 67, 72, 56, 10, 0.00%, 1, 0, 4, 22.93, 14267, 163
598, 0, 67, 73, 57, 10, 0.00%, 1, 0, 4, 0.00, 14361, 163
