# unix_time, cycles_done, cur_path, paths_total, pending_total, pending_favs, map_size, unique_crashes, unique_hangs, max_depth, execs_per_sec
1676030966, 0, 0, 1, 1, 1, 0.10%, 0, 0, 1, 76.92
1676030971, 0, 0, 4, 4, 1, 0.12%, 0, 0, 2, 92.26
1676030982, 0, 0, 7, 7, 1, 0.21%, 0, 0, 2, 95.82
1676030987, 0, 0, 10, 10, 1, 0.21%, 0, 0, 2, 96.17
1676030992, 0, 0, 11, 11, 1, 0.21%, 0, 0, 2, 99.94
1676030997, 0, 0, 13, 13, 1, 0.21%, 0, 0, 2, 107.59
1676031002, 0, 0, 14, 14, 1, 0.22%, 0, 0, 2, 98.76
1676031007, 0, 0, 15, 15, 1, 0.22%, 0, 0, 2, 96.93
1676031018, 0, 0, 16, 16, 1, 0.22%, 0, 0, 2, 96.43
1676031023, 0, 0, 17, 17, 1, 0.22%, 0, 0, 2, 96.48
1676031028, 0, 0, 18, 18, 1, 0.22%, 0, 0, 2, 96.80
1676031044, 0, 0, 19, 19, 1, 0.22%, 0, 0, 2, 96.87
1676031059, 0, 0, 20, 20, 1, 0.22%, 0, 0, 2, 96.74
1676031100, 0, 0, 21, 21, 1, 0.23%, 0, 0, 2, 97.08
1676031198, 0, 0, 22, 22, 1, 0.23%, 0, 0, 2, 101.91
1676031312, 0, 18, 23, 22, 11, 0.23%, 0, 0, 3, 99.26
1676031317, 0, 18, 26, 25, 11, 0.23%, 0, 0, 3, 97.33
1676031322, 0, 18, 29, 28, 11, 0.23%, 0, 0, 3, 96.70
1676031332, 0, 18, 30, 29, 11, 0.23%, 0, 0, 3, 96.92
1676031337, 0, 18, 31, 30, 11, 0.23%, 0, 0, 3, 96.53
1676031342, 0, 18, 32, 31, 11, 0.23%, 0, 0, 3, 96.87
1676031358, 0, 18, 32, 31, 11, 0.23%, 1, 0, 3, 96.82
1676031368, 0, 18, 33, 32, 11, 0.23%, 1, 0, 3, 96.43
1676031379, 0, 18, 34, 33, 11, 0.23%, 1, 0, 3, 96.52
1676031389, 0, 18, 35, 34, 11, 0.23%, 1, 0, 3, 96.83
1676031394, 0, 18, 36, 35, 11, 0.23%, 1, 0, 3, 96.92
1676031420, 0, 18, 37, 36, 11, 0.23%, 1, 0, 3, 94.22
1676031430, 0, 18, 38, 37, 11, 0.23%, 1, 0, 3, 92.54
