# unix_time, cycles_done, cur_path, paths_total, pending_total, pending_favs, map_size, unique_crashes, unique_hangs, max_depth, execs_per_sec
1676215990, 0, 0, 1, 1, 1, 0.14%, 0, 0, 1, 86.96
1676215995, 0, 0, 37, 37, 1, 0.20%, 0, 0, 2, 132.29
1676216001, 0, 0, 50, 50, 1, 0.21%, 0, 0, 2, 141.26
1676216006, 0, 0, 60, 60, 1, 0.22%, 0, 0, 2, 142.52
1676216011, 0, 0, 64, 64, 1, 0.22%, 0, 0, 2, 143.41
1676216016, 0, 0, 66, 66, 1, 0.22%, 0, 0, 2, 143.18
1676216021, 0, 0, 68, 68, 1, 0.22%, 0, 0, 2, 142.91
1676216026, 0, 0, 71, 71, 1, 0.23%, 0, 0, 2, 143.48
1676216031, 0, 0, 72, 72, 1, 0.23%, 0, 0, 2, 143.31
1676216036, 0, 0, 73, 73, 1, 0.23%, 0, 0, 2, 142.43
1676216082, 0, 0, 89, 89, 1, 0.24%, 0, 0, 2, 141.73
1676216087, 0, 0, 98, 98, 1, 0.24%, 0, 0, 2, 142.64
1676216092, 0, 0, 103, 103, 1, 0.24%, 1, 0, 2, 142.51
1676216097, 0, 0, 104, 104, 1, 0.24%, 1, 0, 2, 142.85
1676216102, 0, 0, 107, 107, 1, 0.24%, 1, 0, 2, 142.73
1676216112, 0, 0, 109, 109, 1, 0.24%, 1, 0, 2, 142.80
1676216122, 0, 0, 110, 110, 1, 0.24%, 1, 0, 2, 142.64
1676216127, 0, 0, 111, 111, 1, 0.24%, 1, 0, 2, 142.12
1676216142, 0, 0, 112, 112, 1, 0.24%, 1, 0, 2, 142.68
1676216147, 0, 0, 113, 113, 1, 0.24%, 1, 0, 2, 142.63
1676216157, 0, 0, 114, 114, 1, 0.24%, 1, 0, 2, 142.70
1676216167, 0, 0, 115, 115, 1, 0.24%, 1, 0, 2, 142.62
1676216173, 0, 0, 116, 116, 1, 0.24%, 1, 0, 2, 142.58
1676216193, 0, 0, 117, 117, 1, 0.24%, 1, 0, 2, 142.46
1676216213, 0, 0, 118, 118, 1, 0.24%, 1, 0, 2, 142.30
1676216238, 0, 0, 119, 119, 1, 0.24%, 1, 0, 2, 142.51
1676216294, 0, 0, 120, 120, 1, 0.24%, 1, 0, 2, 142.18
1676216304, 0, 0, 121, 121, 1, 0.24%, 1, 0, 2, 141.75
1676216309, 0, 0, 122, 122, 1, 0.24%, 1, 0, 2, 140.98
1676216314, 0, 53, 122, 121, 20, 0.24%, 1, 0, 2, 141.45
1676216319, 0, 53, 124, 123, 20, 0.24%, 1, 0, 3, 142.33
1676216334, 0, 53, 126, 125, 20, 0.24%, 1, 0, 3, 142.75
1676216350, 0, 53, 127, 126, 20, 0.24%, 1, 0, 3, 140.40
1676216355, 0, 53, 128, 127, 20, 0.24%, 1, 0, 3, 140.18
1676216360, 0, 53, 129, 128, 20, 0.24%, 1, 0, 3, 140.19
1676216365, 0, 53, 130, 129, 20, 0.24%, 1, 0, 3, 140.39
1676216375, 0, 53, 131, 130, 20, 0.24%, 1, 0, 3, 140.40
1676216381, 0, 53, 133, 132, 20, 0.24%, 1, 0, 3, 140.39
1676216386, 0, 53, 134, 133, 20, 0.24%, 1, 0, 3, 140.14
1676216391, 0, 53, 136, 135, 20, 0.24%, 1, 0, 3, 140.38
1676216427, 0, 53, 137, 136, 20, 0.24%, 1, 0, 3, 140.11
