# unix_time, cycles_done, cur_path, paths_total, pending_total, pending_favs, map_size, unique_crashes, unique_hangs, max_depth, execs_per_sec
1676145812, 0, 0, 1, 1, 1, 0.07%, 0, 0, 1, 33.76
1676145817, 0, 0, 3, 3, 1, 0.07%, 0, 0, 2, 40.49
1676145847, 0, 0, 4, 4, 1, 0.09%, 0, 0, 2, 43.07
1676145852, 0, 3, 5, 4, 2, 0.09%, 0, 0, 3, 41.97
1676145858, 0, 3, 6, 5, 2, 0.11%, 0, 0, 3, 41.03
1676145863, 0, 3, 7, 6, 2, 0.11%, 0, 0, 3, 41.80
1676145873, 0, 3, 12, 11, 2, 0.19%, 0, 0, 3, 40.91
1676145878, 0, 3, 21, 20, 2, 0.20%, 0, 0, 3, 40.63
1676145883, 0, 3, 25, 24, 2, 0.20%, 0, 0, 3, 40.89
1676145888, 0, 3, 28, 27, 2, 0.20%, 0, 0, 3, 54.62
1676145893, 0, 3, 30, 29, 2, 0.20%, 0, 0, 3, 45.10
1676145898, 0, 3, 31, 30, 2, 0.20%, 0, 0, 3, 42.49
1676145903, 0, 3, 33, 32, 2, 0.20%, 0, 0, 3, 42.38
1676145914, 0, 3, 36, 35, 2, 0.20%, 0, 0, 3, 42.04
1676145939, 0, 3, 37, 36, 2, 0.20%, 0, 0, 3, 40.83
1676145944, 0, 3, 38, 37, 2, 0.20%, 0, 0, 3, 52.66
1676145995, 0, 3, 39, 38, 2, 0.20%, 0, 0, 3, 40.95
1676146026, 0, 3, 40, 39, 2, 0.21%, 0, 0, 3, 41.41
1676146036, 0, 35, 40, 38, 11, 0.21%, 0, 0, 3, 40.21
1676146051, 0, 35, 41, 39, 11, 0.21%, 0, 0, 4, 43.90
1676147289, 0, 35, 44, 42, 11, 0.21%, 0, 0, 4, 46.80
1676147294, 0, 35, 51, 49, 11, 0.22%, 0, 0, 4, 46.88
1676147299, 0, 35, 54, 52, 11, 0.22%, 0, 0, 4, 47.40
1676147304, 0, 35, 55, 53, 11, 0.22%, 0, 0, 4, 47.10
1676147310, 0, 35, 56, 54, 11, 0.22%, 0, 0, 4, 47.24
1676147325, 0, 35, 57, 55, 11, 0.22%, 0, 0, 4, 47.06
1676147340, 0, 35, 58, 56, 11, 0.22%, 0, 0, 4, 48.11
1676147345, 0, 35, 59, 57, 11, 0.22%, 0, 0, 4, 47.41
1676147355, 0, 35, 60, 58, 11, 0.22%, 0, 0, 4, 48.00
1676147376, 0, 35, 62, 60, 11, 0.22%, 0, 0, 4, 47.24
1676147386, 0, 35, 63, 61, 11, 0.22%, 0, 0, 4, 46.46
1676147426, 0, 35, 64, 62, 11, 0.22%, 0, 0, 4, 47.80
1676147431, 0, 61, 64, 61, 14, 0.22%, 0, 0, 4, 47.81
