# unix_time, cycles_done, cur_path, paths_total, pending_total, pending_favs, map_size, unique_crashes, unique_hangs, max_depth, execs_per_sec
1676212562, 0, 0, 1, 1, 1, 0.11%, 0, 0, 1, 80.81
1676212567, 0, 0, 24, 24, 1, 0.14%, 0, 0, 2, 136.23
1676212572, 0, 0, 29, 29, 1, 0.15%, 0, 0, 2, 147.61
1676212577, 0, 0, 31, 31, 1, 0.15%, 0, 0, 2, 149.91
1676212583, 0, 0, 33, 33, 1, 0.16%, 0, 0, 2, 150.11
1676212588, 0, 0, 34, 34, 1, 0.16%, 0, 0, 2, 150.66
1676212618, 0, 0, 50, 50, 1, 0.18%, 0, 0, 2, 150.33
1676212623, 0, 0, 53, 53, 1, 0.18%, 0, 0, 2, 150.77
1676212628, 0, 0, 55, 55, 1, 0.18%, 0, 0, 2, 150.82
1676212633, 0, 0, 57, 57, 1, 0.18%, 0, 0, 2, 150.70
1676212638, 0, 0, 59, 59, 1, 0.18%, 0, 0, 2, 150.62
1676212654, 0, 0, 60, 60, 1, 0.18%, 0, 0, 2, 150.79
1676212684, 0, 0, 61, 61, 1, 0.18%, 0, 0, 2, 150.79
1676212704, 0, 0, 62, 62, 1, 0.18%, 0, 0, 2, 150.92
1676212709, 0, 0, 63, 63, 1, 0.18%, 0, 0, 2, 150.49
1676212725, 0, 0, 64, 64, 1, 0.18%, 0, 0, 2, 150.47
1676212750, 0, 0, 65, 65, 1, 0.18%, 0, 0, 2, 150.76
1676212816, 0, 0, 66, 66, 1, 0.18%, 0, 0, 2, 150.74
1676212836, 0, 25, 67, 66, 13, 0.18%, 0, 0, 3, 149.61
1676212852, 0, 25, 68, 67, 13, 0.18%, 0, 0, 3, 149.07
1676212862, 0, 25, 69, 68, 13, 0.18%, 0, 0, 3, 148.16
1676212872, 0, 29, 69, 67, 13, 0.18%, 0, 0, 3, 148.66
1676212923, 0, 29, 70, 68, 13, 0.18%, 0, 0, 3, 148.76
1676212928, 0, 31, 70, 67, 13, 0.18%, 0, 0, 3, 148.90
1676212964, 0, 31, 71, 68, 13, 0.18%, 0, 0, 3, 148.02
1676212974, 0, 44, 71, 67, 13, 0.18%, 0, 0, 3, 149.88
