# relative_time, cycles_done, cur_item, corpus_count, pending_total, pending_favs, map_size, saved_crashes, saved_hangs, max_depth, execs_per_sec, total_execs, edges_found
61, 0, 0, 12, 12, 1, 0.00%, 0, 0, 2, 25.76, 1575, 88
66, 0, 0, 12, 12, 1, 0.00%, 0, 0, 2, 25.76, 1706, 88
71, 0, 0, 12, 12, 1, 0.00%, 0, 0, 2, 25.97, 1838, 88
76, 0, 0, 13, 13, 1, 0.00%, 0, 0, 2, 25.90, 1971, 92
81, 0, 0, 13, 13, 1, 0.00%, 0, 0, 2, 25.95, 2103, 92
86, 0, 0, 13, 13, 1, 0.00%, 0, 0, 2, 26.02, 2235, 92
91, 0, 0, 13, 13, 1, 0.00%, 0, 0, 2, 25.86, 2365, 92
96, 0, 0, 14, 14, 1, 0.00%, 0, 0, 2, 25.91, 2497, 93
101, 0, 0, 15, 15, 1, 0.00%, 0, 0, 2, 25.95, 2627, 94
106, 0, 0, 15, 15, 1, 0.00%, 0, 0, 2, 25.78, 2758, 94
111, 0, 0, 18, 18, 1, 0.00%, 0, 0, 2, 25.45, 2884, 98
117, 0, 0, 18, 18, 1, 0.00%, 0, 0, 2, 25.90, 3016, 98
122, 0, 0, 18, 18, 1, 0.00%, 0, 0, 2, 25.83, 3147, 98
127, 0, 0, 18, 18, 1, 0.00%, 0, 0, 2, 25.95, 3277, 98
132, 0, 0, 21, 21, 1, 0.00%, 0, 0, 2, 25.42, 3410, 100
137, 0, 0, 26, 26, 1, 0.00%, 0, 0, 2, 24.77, 3539, 103
142, 0, 0, 27, 27, 1, 0.00%, 0, 0, 2, 25.48, 3669, 103
147, 0, 0, 27, 27, 1, 0.00%, 0, 0, 2, 25.87, 3801, 103
153, 0, 0, 28, 28, 1, 0.00%, 0, 0, 2, 25.66, 3930, 103
158, 0, 0, 30, 30, 1, 0.00%, 0, 0, 2, 25.52, 4058, 104
163, 0, 0, 30, 30, 1, 0.00%, 0, 0, 2, 25.86, 4190, 104
168, 0, 0, 30, 30, 1, 0.00%, 0, 0, 2, 25.98, 4322, 104
173, 0, 0, 30, 30, 1, 0.00%, 0, 0, 2, 25.98, 4454, 104
178, 0, 0, 30, 30, 1, 0.00%, 0, 0, 2, 25.97, 4586, 104
183, 0, 0, 30, 30, 1, 0.00%, 0, 0, 2, 25.84, 4717, 104
188, 0, 0, 30, 30, 1, 0.00%, 0, 0, 2, 25.73, 4846, 104
193, 0, 0, 30, 30, 1, 0.00%, 0, 0, 2, 25.90, 4978, 104
198, 0, 0, 33, 33, 1, 0.00%, 0, 0, 2, 25.39, 5104, 109
203, 0, 0, 33, 33, 1, 0.00%, 0, 0, 2, 25.80, 5236, 109
209, 0, 11, 34, 32, 17, 0.00%, 1, 0, 3, 25.42, 5366, 111
214, 0, 11, 34, 32, 17, 0.00%, 1, 0, 3, 25.78, 5498, 111
219, 0, 21, 34, 31, 17, 0.00%, 1, 0, 3, 25.66, 5627, 111
224, 0, 10, 34, 30, 16, 0.00%, 1, 0, 3, 25.72, 5758, 111
229, 0, 10, 34, 30, 16, 0.00%, 1, 0, 3, 25.83, 5890, 111
234, 0, 2, 35, 30, 15, 0.00%, 1, 0, 3, 25.40, 6015, 111
239, 0, 2, 35, 30, 15, 0.00%, 1, 0, 3, 25.77, 6147, 111
244, 0, 4, 35, 29, 14, 0.00%, 1, 0, 3, 25.55, 6277, 111
249, 0, 32, 35, 28, 13, 0.00%, 1, 0, 3, 25.32, 6405, 111
254, 0, 32, 37, 30, 13, 0.00%, 1, 0, 3, 25.44, 6535, 113
260, 0, 20, 38, 30, 12, 0.00%, 1, 0, 3, 25.14, 6663, 113
265, 0, 20, 39, 31, 12, 0.00%, 1, 0, 3, 25.33, 6789, 113
270, 0, 13, 40, 31, 12, 0.00%, 1, 0, 3, 24.59, 6913, 113
275, 0, 13, 41, 32, 12, 0.00%, 1, 0, 3, 25.16, 7049, 113
280, 0, 39, 41, 31, 11, 0.00%, 1, 0, 3, 25.50, 7178, 113
285, 0, 39, 41, 31, 11, 0.00%, 1, 0, 3, 25.74, 7310, 113
290, 0, 17, 42, 31, 10, 0.00%, 1, 0, 3, 25.43, 7438, 113
295, 0, 17, 42, 31, 10, 0.00%, 1, 0, 3, 25.64, 7570, 113
301, 0, 35, 43, 31, 9, 0.00%, 1, 0, 4, 25.40, 7700, 113
306, 0, 35, 43, 31, 9, 0.00%, 1, 0, 4, 25.72, 7832, 113
311, 0, 6, 43, 30, 8, 0.00%, 1, 0, 4, 25.67, 7962, 113
316, 0, 19, 43, 29, 7, 0.00%, 1, 0, 4, 25.53, 8095, 113
321, 0, 19, 43, 29, 7, 0.00%, 1, 0, 4, 25.75, 8227, 113
326, 0, 29, 43, 28, 6, 0.00%, 1, 0, 4, 25.79, 8359, 113
331, 0, 5, 43, 27, 5, 0.00%, 1, 0, 4, 25.88, 8490, 113
336, 0, 5, 43, 27, 5, 0.00%, 1, 0, 4, 25.79, 8622, 113
342, 0, 15, 43, 26, 4, 0.00%, 1, 0, 4, 25.55, 8754, 113
347, 0, 30, 43, 25, 3, 0.00%, 1, 0, 4, 25.12, 8883, 113
352, 0, 30, 43, 25, 3, 0.00%, 1, 0, 4, 25.52, 9014, 113
357, 0, 17, 43, 24, 2, 0.00%, 1, 0, 4, 25.41, 9144, 113
362, 0, 17, 43, 24, 2, 0.00%, 1, 0, 4, 25.48, 9274, 113
367, 0, 33, 43, 24, 2, 0.00%, 1, 0, 4, 25.56, 9405, 113
372, 0, 33, 43, 24, 2, 0.00%, 1, 0, 4, 25.51, 9534, 113
377, 0, 31, 43, 23, 1, 0.00%, 1, 0, 4, 25.37, 9662, 113
382, 0, 31, 43, 23, 1, 0.00%, 1, 0, 4, 25.53, 9793, 113
387, 0, 5, 43, 22, 0, 0.00%, 1, 0, 4, 25.45, 9920, 113
393, 0, 5, 43, 22, 0, 0.00%, 1, 0, 4, 25.51, 10051, 113
398, 0, 11, 43, 22, 0, 0.00%, 1, 0, 4, 25.60, 10182, 113
403, 0, 11, 43, 22, 0, 0.00%, 1, 0, 4, 25.29, 10309, 113
408, 0, 11, 43, 22, 0, 0.00%, 1, 0, 4, 25.71, 10440, 113
413, 0, 3, 43, 22, 0, 0.00%, 1, 0, 4, 25.65, 10571, 113
418, 0, 13, 43, 22, 0, 0.00%, 1, 0, 4, 25.54, 10703, 113
423, 0, 13, 43, 22, 0, 0.00%, 1, 0, 4, 25.66, 10835, 113
428, 0, 31, 43, 22, 0, 0.00%, 1, 0, 4, 25.55, 10965, 113
433, 0, 31, 43, 22, 0, 0.00%, 1, 0, 4, 25.46, 11093, 113
438, 0, 31, 43, 22, 0, 0.00%, 1, 0, 4, 25.59, 11224, 113
443, 0, 31, 43, 22, 0, 0.00%, 1, 0, 4, 25.61, 11354, 113
449, 0, 31, 43, 22, 0, 0.00%, 1, 0, 4, 25.56, 11486, 113
454, 0, 2, 43, 22, 0, 0.00%, 1, 0, 4, 25.66, 11616, 113
459, 0, 2, 43, 22, 0, 0.00%, 1, 0, 4, 25.77, 11748, 113
464, 0, 13, 43, 22, 0, 0.00%, 1, 0, 4, 25.33, 11877, 113
469, 0, 5, 43, 22, 0, 0.00%, 1, 0, 4, 25.47, 12008, 113
474, 0, 5, 43, 22, 0, 0.00%, 1, 0, 4, 25.50, 12140, 113
479, 0, 33, 43, 22, 0, 0.00%, 1, 0, 4, 25.37, 12268, 113
484, 0, 33, 43, 22, 0, 0.00%, 1, 0, 4, 25.15, 12399, 113
490, 0, 33, 43, 22, 0, 0.00%, 1, 0, 4, 25.40, 12529, 113
495, 0, 2, 43, 22, 0, 0.00%, 1, 0, 4, 25.51, 12659, 113
500, 0, 2, 43, 22, 0, 0.00%, 1, 0, 4, 25.48, 12789, 113
505, 0, 15, 43, 22, 0, 0.00%, 1, 0, 4, 25.39, 12919, 113
510, 0, 15, 43, 22, 0, 0.00%, 1, 0, 4, 25.47, 13049, 113
515, 0, 39, 43, 22, 0, 0.00%, 1, 0, 4, 25.49, 13179, 113
520, 0, 39, 43, 22, 0, 0.00%, 1, 0, 4, 25.20, 13308, 113
525, 0, 13, 43, 22, 0, 0.00%, 1, 0, 4, 25.30, 13440, 113
531, 0, 3, 43, 22, 0, 0.00%, 1, 0, 4, 25.51, 13571, 113
536, 1, 15, 43, 22, 0, 0.00%, 1, 0, 4, 25.60, 13703, 113
541, 1, 15, 43, 22, 0, 0.00%, 1, 0, 4, 25.56, 13835, 113
546, 1, 15, 43, 22, 0, 0.00%, 1, 0, 4, 25.46, 13964, 113
551, 1, 15, 43, 22, 0, 0.00%, 1, 0, 4, 25.30, 14091, 113
556, 1, 3, 43, 22, 0, 0.00%, 1, 0, 4, 25.36, 14220, 113
561, 1, 39, 43, 22, 0, 0.00%, 1, 0, 4, 25.45, 14351, 113
566, 1, 39, 43, 22, 0, 0.00%, 1, 0, 4, 25.00, 14475, 113
571, 1, 11, 43, 22, 0, 0.00%, 1, 0, 4, 25.39, 14606, 113
576, 1, 10, 43, 22, 0, 0.00%, 1, 0, 4, 25.41, 14736, 113
582, 1, 10, 43, 22, 0, 0.00%, 1, 0, 4, 25.21, 14866, 113
587, 1, 2, 43, 22, 0, 0.00%, 1, 0, 4, 25.13, 14994, 113
592, 1, 2, 43, 22, 0, 0.00%, 1, 0, 4, 25.28, 15126, 113
597, 1, 29, 43, 22, 0, 0.00%, 1, 0, 4, 25.18, 15255, 113
598, 1, 29, 43, 22, 0, 0.00%, 1, 0, 4, 25.03, 15275, 113
