# relative_time, cycles_done, cur_item, corpus_count, pending_total, pending_favs, map_size, saved_crashes, saved_hangs, max_depth, execs_per_sec, total_execs, edges_found
62, 0, 0, 11, 11, 1, 0.00%, 0, 0, 2, 10.48, 632, 188
67, 0, 0, 11, 11, 1, 0.00%, 0, 0, 2, 10.37, 686, 188
72, 0, 0, 11, 11, 1, 0.00%, 0, 0, 2, 10.10, 737, 188
77, 0, 0, 11, 11, 1, 0.00%, 0, 0, 2, 10.38, 790, 188
82, 0, 0, 11, 11, 1, 0.00%, 0, 0, 2, 10.56, 845, 188
87, 0, 0, 11, 11, 1, 0.00%, 0, 0, 2, 10.30, 897, 188
92, 0, 0, 11, 11, 1, 0.00%, 0, 0, 2, 10.57, 951, 188
97, 0, 0, 11, 11, 1, 0.00%, 0, 0, 2, 10.70, 1005, 188
103, 0, 0, 11, 11, 1, 0.00%, 0, 0, 2, 10.58, 1060, 188
108, 0, 0, 11, 11, 1, 0.00%, 0, 0, 2, 10.15, 1111, 188
113, 0, 0, 11, 11, 1, 0.00%, 0, 0, 2, 10.30, 1165, 188
118, 0, 0, 11, 11, 1, 0.00%, 0, 0, 2, 10.57, 1221, 188
124, 0, 0, 11, 11, 1, 0.00%, 0, 0, 2, 10.67, 1277, 188
129, 0, 0, 11, 11, 1, 0.00%, 0, 0, 2, 10.54, 1331, 188
134, 0, 0, 11, 11, 1, 0.00%, 0, 0, 2, 10.67, 1386, 188
139, 0, 0, 11, 11, 1, 0.00%, 0, 0, 2, 10.62, 1441, 188
144, 0, 0, 11, 11, 1, 0.00%, 0, 0, 2, 10.35, 1495, 188
149, 0, 0, 11, 11, 1, 0.00%, 0, 0, 2, 10.54, 1549, 188
154, 0, 0, 11, 11, 1, 0.00%, 0, 0, 2, 10.67, 1604, 188
160, 0, 0, 11, 11, 1, 0.00%, 0, 0, 2, 10.64, 1658, 188
165, 0, 0, 11, 11, 1, 0.00%, 0, 0, 2, 10.69, 1713, 188
170, 0, 0, 11, 11, 1, 0.00%, 0, 0, 2, 10.67, 1769, 188
175, 0, 0, 11, 11, 1, 0.00%, 0, 0, 2, 10.43, 1822, 188
180, 0, 0, 11, 11, 1, 0.00%, 0, 0, 2, 10.09, 1874, 188
185, 0, 0, 11, 11, 1, 0.00%, 0, 0, 2, 10.21, 1926, 188
190, 0, 0, 11, 11, 1, 0.00%, 0, 0, 2, 9.08, 1973, 188
196, 0, 0, 11, 11, 1, 0.00%, 0, 0, 2, 9.90, 2025, 188
201, 0, 0, 11, 11, 1, 0.00%, 0, 0, 2, 10.42, 2081, 188
206, 0, 0, 11, 11, 1, 0.00%, 0, 0, 2, 10.65, 2137, 188
211, 0, 0, 11, 11, 1, 0.00%, 0, 0, 2, 10.24, 2188, 188
216, 0, 0, 11, 11, 1, 0.00%, 0, 0, 2, 10.44, 2241, 188
221, 0, 0, 11, 11, 1, 0.00%, 0, 0, 2, 10.65, 2297, 188
227, 0, 0, 11, 11, 1, 0.00%, 0, 0, 2, 10.62, 2353, 188
232, 0, 0, 11, 11, 1, 0.00%, 0, 0, 2, 10.28, 2407, 188
237, 0, 0, 11, 11, 1, 0.00%, 0, 0, 2, 10.42, 2461, 188
242, 0, 0, 11, 11, 1, 0.00%, 0, 0, 2, 10.55, 2515, 188
247, 0, 0, 11, 11, 1, 0.00%, 0, 0, 2, 10.32, 2567, 188
252, 0, 0, 11, 11, 1, 0.00%, 0, 0, 2, 10.44, 2622, 188
257, 0, 0, 11, 11, 1, 0.00%, 0, 0, 2, 10.56, 2675, 188
262, 0, 0, 11, 11, 1, 0.00%, 0, 0, 2, 10.59, 2730, 188
268, 0, 0, 11, 11, 1, 0.00%, 0, 0, 2, 10.65, 2784, 188
273, 0, 0, 11, 11, 1, 0.00%, 0, 0, 2, 10.48, 2839, 188
278, 0, 0, 11, 11, 1, 0.00%, 0, 0, 2, 10.68, 2894, 188
283, 0, 0, 11, 11, 1, 0.00%, 0, 0, 2, 10.54, 2949, 188
288, 0, 0, 12, 12, 1, 0.00%, 0, 0, 2, 10.28, 3000, 189
293, 0, 0, 13, 13, 1, 0.00%, 0, 0, 2, 10.32, 3051, 190
298, 0, 0, 13, 13, 1, 0.00%, 0, 0, 2, 10.57, 3106, 190
303, 0, 0, 13, 13, 1, 0.00%, 0, 0, 2, 10.49, 3159, 190
309, 0, 0, 13, 13, 1, 0.00%, 0, 0, 2, 10.45, 3213, 190
314, 0, 0, 13, 13, 1, 0.00%, 0, 0, 2, 10.50, 3268, 190
319, 0, 0, 14, 14, 1, 0.00%, 0, 0, 2, 10.40, 3326, 191
325, 0, 0, 19, 19, 1, 0.00%, 0, 0, 2, 11.27, 3388, 210
330, 0, 0, 23, 23, 1, 0.00%, 0, 0, 2, 12.09, 3451, 228
335, 0, 0, 25, 25, 1, 0.00%, 0, 0, 2, 10.74, 3503, 231
340, 0, 0, 28, 28, 1, 0.00%, 0, 0, 2, 10.00, 3550, 233
345, 0, 0, 30, 30, 1, 0.00%, 0, 0, 2, 9.88, 3599, 233
350, 0, 0, 30, 30, 1, 0.00%, 0, 0, 2, 9.85, 3649, 233
356, 0, 0, 30, 30, 1, 0.00%, 0, 0, 2, 10.06, 3701, 233
361, 0, 0, 31, 31, 1, 0.00%, 0, 0, 2, 10.07, 3754, 233
366, 0, 0, 31, 31, 1, 0.00%, 0, 0, 2, 9.79, 3803, 233
371, 0, 0, 31, 31, 1, 0.00%, 0, 0, 2, 9.91, 3853, 233
376, 0, 0, 31, 31, 1, 0.00%, 0, 0, 2, 10.01, 3905, 233
381, 0, 0, 31, 31, 1, 0.00%, 0, 0, 2, 9.93, 3956, 233
386, 0, 0, 31, 31, 1, 0.00%, 0, 0, 2, 10.06, 4008, 233
391, 0, 0, 31, 31, 1, 0.00%, 0, 0, 2, 10.06, 4059, 233
397, 0, 0, 31, 31, 1, 0.00%, 0, 0, 2, 10.03, 4110, 233
402, 0, 0, 31, 31, 1, 0.00%, 0, 0, 2, 9.88, 4161, 233
407, 0, 0, 32, 32, 1, 0.00%, 0, 0, 2, 10.11, 4212, 235
412, 0, 0, 32, 32, 1, 0.00%, 0, 0, 2, 10.11, 4264, 235
417, 0, 0, 32, 32, 1, 0.00%, 0, 0, 2, 10.16, 4315, 235
422, 0, 0, 32, 32, 1, 0.00%, 0, 0, 2, 9.87, 4365, 235
427, 0, 0, 32, 32, 1, 0.00%, 0, 0, 2, 10.07, 4418, 235
432, 0, 0, 33, 33, 1, 0.00%, 0, 0, 2, 10.08, 4470, 235
438, 0, 0, 33, 33, 1, 0.00%, 0, 0, 2, 10.07, 4522, 235
443, 0, 0, 33, 33, 1, 0.00%, 0, 0, 2, 9.90, 4573, 235
448, 0, 0, 33, 33, 1, 0.00%, 0, 0, 2, 10.13, 4626, 235
453, 0, 0, 33, 33, 1, 0.00%, 0, 0, 2, 9.93, 4676, 235
458, 0, 0, 33, 33, 1, 0.00%, 0, 0, 2, 10.10, 4728, 235
463, 0, 0, 33, 33, 1, 0.00%, 0, 0, 2, 10.10, 4780, 235
468, 0, 0, 33, 33, 1, 0.00%, 0, 0, 2, 10.20, 4832, 235
473, 0, 0, 33, 33, 1, 0.00%, 0, 0, 2, 10.13, 4885, 235
479, 0, 0, 34, 34, 1, 0.00%, 0, 0, 2, 10.18, 4936, 235
484, 0, 0, 34, 34, 1, 0.00%, 0, 0, 2, 10.07, 4988, 235
489, 0, 0, 34, 34, 1, 0.00%, 0, 0, 2, 10.15, 5040, 235
494, 0, 0, 34, 34, 1, 0.00%, 0, 0, 2, 10.12, 5091, 235
499, 0, 0, 34, 34, 1, 0.00%, 0, 0, 2, 9.59, 5140, 235
504, 0, 0, 35, 35, 1, 0.00%, 0, 0, 2, 9.16, 5184, 235
509, 0, 0, 39, 39, 1, 0.00%, 0, 0, 2, 9.16, 5229, 253
514, 0, 0, 42, 42, 1, 0.00%, 0, 0, 2, 9.41, 5276, 255
519, 0, 0, 44, 44, 1, 0.00%, 0, 0, 2, 9.80, 5326, 255
525, 0, 0, 45, 45, 1, 0.00%, 0, 0, 2, 9.92, 5377, 255
530, 0, 0, 46, 46, 1, 0.00%, 0, 0, 2, 10.02, 5429, 264
535, 0, 0, 47, 47, 1, 0.00%, 0, 0, 2, 9.99, 5485, 264
541, 0, 0, 48, 48, 1, 0.00%, 0, 0, 2, 9.98, 5536, 265
546, 0, 0, 49, 49, 1, 0.00%, 0, 0, 2, 10.00, 5587, 271
551, 0, 0, 49, 49, 1, 0.00%, 0, 0, 2, 10.01, 5638, 271
556, 0, 0, 49, 49, 1, 0.00%, 0, 0, 2, 10.02, 5690, 271
561, 0, 0, 50, 50, 1, 0.00%, 0, 0, 2, 10.03, 5740, 274
566, 0, 0, 50, 50, 1, 0.00%, 0, 0, 2, 10.06, 5791, 274
571, 0, 0, 50, 50, 1, 0.00%, 0, 0, 2, 9.45, 5841, 274
577, 0, 0, 51, 51, 1, 0.00%, 0, 0, 2, 9.05, 5886, 274
582, 0, 0, 52, 52, 1, 0.00%, 0, 0, 2, 9.85, 5938, 275
587, 0, 0, 52, 52, 1, 0.00%, 0, 0, 2, 10.15, 5991, 275
592, 0, 0, 53, 53, 1, 0.00%, 0, 0, 2, 9.96, 6040, 277
597, 0, 0, 53, 53, 1, 0.00%, 0, 0, 2, 9.88, 6093, 277
598, 0, 0, 53, 53, 1, 0.00%, 0, 0, 2, 0.00, 6094, 277
