# unix_time, cycles_done, cur_path, paths_total, pending_total, pending_favs, map_size, unique_crashes, unique_hangs, max_depth, execs_per_sec
1676172082, 0, 0, 1, 1, 1, 0.18%, 0, 0, 1, 64.00
1676172087, 0, 0, 4, 4, 1, 0.19%, 0, 0, 2, 68.71
1676172102, 0, 0, 6, 6, 1, 0.21%, 0, 0, 2, 69.77
1676172108, 0, 0, 7, 7, 1, 0.25%, 0, 0, 2, 69.10
1676172113, 0, 0, 8, 8, 1, 0.25%, 0, 0, 2, 70.66
1676172123, 0, 0, 9, 9, 1, 0.31%, 0, 0, 2, 64.73
1676172128, 0, 0, 11, 11, 1, 0.35%, 0, 0, 2, 67.41
1676172133, 0, 0, 12, 12, 1, 0.38%, 0, 0, 2, 69.82
1676172138, 0, 0, 13, 13, 1, 0.38%, 0, 0, 2, 69.31
1676172154, 0, 0, 14, 14, 1, 0.38%, 0, 0, 2, 72.39
1676172195, 0, 0, 15, 15, 1, 0.38%, 0, 0, 2, 68.58
1676172247, 0, 0, 16, 16, 1, 0.50%, 0, 0, 2, 68.74
1676172370, 0, 13, 16, 15, 10, 0.50%, 0, 0, 2, 79.87
1676172375, 0, 13, 17, 16, 10, 0.50%, 0, 0, 3, 77.76
1676172400, 0, 13, 23, 22, 10, 0.51%, 0, 0, 3, 32.18
1676172416, 0, 13, 24, 23, 10, 0.51%, 0, 0, 3, 31.37
1676172421, 0, 13, 25, 24, 10, 0.51%, 0, 0, 3, 30.41
1676172426, 0, 13, 26, 25, 10, 0.51%, 1, 0, 3, 30.89
1676172436, 0, 13, 27, 26, 10, 0.51%, 1, 0, 3, 29.09
1676172446, 0, 13, 28, 27, 10, 0.51%, 1, 0, 3, 31.58
1676172477, 0, 13, 30, 29, 10, 0.51%, 1, 0, 3, 30.64
1676172492, 0, 13, 31, 30, 10, 0.51%, 1, 0, 3, 29.27
1676172502, 0, 13, 32, 31, 10, 0.51%, 1, 0, 3, 31.62
1676172569, 0, 13, 33, 32, 10, 0.51%, 1, 0, 3, 31.46
1676172655, 0, 13, 34, 33, 10, 0.51%, 1, 0, 3, 31.50
1676172660, 0, 13, 35, 34, 10, 0.51%, 1, 0, 3, 31.59
