# relative_time, cycles_done, cur_item, corpus_count, pending_total, pending_favs, map_size, saved_crashes, saved_hangs, max_depth, execs_per_sec, total_execs, edges_found
970, 0, 0, 4, 4, 1, 0.00%, 0, 0, 2, 0.01, 112, 92
975, 0, 0, 5, 5, 1, 0.00%, 0, 0, 2, 24.72, 239, 93
980, 0, 0, 6, 6, 1, 0.00%, 0, 0, 2, 25.24, 371, 94
985, 0, 0, 8, 8, 1, 0.00%, 0, 0, 2, 25.36, 497, 100
990, 0, 0, 8, 8, 1, 0.00%, 0, 0, 2, 25.59, 626, 100
995, 0, 0, 9, 9, 1, 0.00%, 0, 0, 2, 25.53, 754, 105
1000, 0, 0, 10, 10, 1, 0.00%, 0, 0, 2, 25.46, 882, 106
1006, 0, 0, 10, 10, 1, 0.00%, 0, 0, 2, 25.74, 1014, 106
1011, 0, 0, 11, 11, 1, 0.00%, 0, 0, 2, 25.73, 1142, 107
1016, 0, 0, 12, 12, 1, 0.00%, 0, 0, 2, 25.59, 1272, 108
1021, 0, 0, 12, 12, 1, 0.00%, 0, 0, 2, 25.74, 1404, 108
1026, 0, 0, 12, 12, 1, 0.00%, 0, 0, 2, 25.77, 1536, 108
1031, 0, 0, 15, 15, 1, 0.00%, 0, 0, 2, 25.04, 1665, 127
1036, 0, 0, 15, 15, 1, 0.00%, 0, 0, 2, 25.57, 1797, 127
1041, 0, 0, 15, 15, 1, 0.00%, 0, 0, 2, 25.23, 1924, 127
1047, 0, 0, 16, 16, 1, 0.00%, 0, 0, 2, 25.46, 2055, 129
1052, 0, 0, 16, 16, 1, 0.00%, 0, 0, 2, 25.70, 2187, 129
1057, 0, 0, 17, 17, 1, 0.00%, 0, 0, 2, 25.51, 2319, 154
1062, 0, 0, 18, 18, 1, 0.00%, 0, 0, 2, 25.68, 2451, 156
1067, 0, 0, 18, 18, 1, 0.00%, 0, 0, 2, 25.74, 2583, 156
1072, 0, 0, 18, 18, 1, 0.00%, 0, 0, 2, 25.82, 2715, 156
1077, 0, 0, 18, 18, 1, 0.00%, 0, 0, 2, 25.77, 2846, 156
1082, 0, 0, 18, 18, 1, 0.00%, 0, 0, 2, 25.76, 2978, 156
1088, 0, 0, 19, 19, 1, 0.00%, 0, 0, 2, 25.49, 3109, 158
1093, 0, 0, 19, 19, 1, 0.00%, 0, 0, 2, 25.41, 3238, 158
1098, 0, 0, 19, 19, 1, 0.00%, 0, 0, 2, 25.62, 3370, 158
1103, 0, 0, 19, 19, 1, 0.00%, 0, 0, 2, 25.60, 3498, 158
1108, 0, 0, 19, 19, 1, 0.00%, 0, 0, 2, 24.88, 3622, 158
1113, 0, 0, 19, 19, 1, 0.00%, 0, 0, 2, 24.88, 3749, 158
1118, 0, 0, 19, 19, 1, 0.00%, 0, 0, 2, 25.27, 3877, 158
1123, 0, 0, 19, 19, 1, 0.00%, 0, 0, 2, 25.08, 4007, 158
1128, 0, 0, 19, 19, 1, 0.00%, 0, 0, 2, 24.81, 4132, 158
1134, 0, 0, 20, 20, 1, 0.00%, 0, 0, 2, 24.94, 4260, 162
1139, 0, 0, 20, 20, 1, 0.00%, 0, 0, 2, 24.83, 4389, 162
1144, 0, 0, 20, 20, 1, 0.00%, 0, 0, 2, 24.61, 4514, 162
1149, 0, 0, 20, 20, 1, 0.00%, 0, 0, 2, 24.72, 4639, 162
1154, 0, 0, 20, 20, 1, 0.00%, 0, 0, 2, 24.56, 4764, 162
1159, 0, 0, 20, 20, 1, 0.00%, 0, 0, 2, 24.51, 4889, 162
1164, 0, 0, 20, 20, 1, 0.00%, 0, 0, 2, 24.42, 5014, 162
1169, 0, 0, 21, 21, 1, 0.00%, 0, 0, 2, 24.39, 5136, 163
1174, 0, 0, 21, 21, 1, 0.00%, 0, 0, 2, 24.36, 5261, 163
1180, 0, 0, 21, 21, 1, 0.00%, 0, 0, 2, 24.28, 5386, 163
1185, 0, 0, 21, 21, 1, 0.00%, 0, 0, 2, 24.34, 5511, 163
1190, 0, 0, 22, 22, 1, 0.00%, 0, 0, 2, 24.22, 5633, 176
1195, 0, 0, 22, 22, 1, 0.00%, 0, 0, 2, 24.25, 5758, 176
1200, 0, 0, 22, 22, 1, 0.00%, 0, 0, 2, 24.32, 5883, 176
1205, 0, 0, 22, 22, 1, 0.00%, 0, 0, 2, 24.40, 6008, 176
1210, 0, 0, 22, 22, 1, 0.00%, 0, 0, 2, 24.18, 6133, 176
1216, 0, 0, 22, 22, 1, 0.00%, 0, 0, 2, 24.25, 6257, 176
1221, 0, 0, 22, 22, 1, 0.00%, 0, 0, 2, 24.10, 6382, 176
1226, 0, 0, 23, 23, 1, 0.00%, 0, 0, 2, 24.00, 6501, 178
1231, 0, 0, 23, 23, 1, 0.00%, 0, 0, 2, 24.29, 6626, 178
1236, 0, 0, 24, 24, 1, 0.00%, 0, 0, 2, 24.07, 6748, 178
1241, 0, 0, 27, 27, 1, 0.00%, 0, 0, 2, 23.43, 6870, 181
1247, 0, 0, 29, 29, 1, 0.00%, 0, 0, 2, 23.65, 6990, 181
1252, 0, 0, 30, 30, 1, 0.00%, 0, 0, 2, 23.98, 7113, 181
1257, 0, 0, 30, 30, 1, 0.00%, 0, 0, 2, 24.07, 7238, 181
1262, 0, 0, 34, 34, 1, 0.00%, 0, 0, 2, 23.44, 7354, 187
1267, 0, 0, 37, 37, 1, 0.00%, 0, 0, 2, 23.43, 7473, 190
1272, 0, 0, 39, 39, 1, 0.00%, 0, 0, 2, 23.50, 7590, 190
1277, 0, 0, 42, 42, 1, 0.00%, 0, 0, 2, 23.35, 7709, 190
1283, 0, 0, 45, 45, 1, 0.00%, 0, 0, 2, 23.39, 7826, 190
1288, 0, 0, 46, 46, 1, 0.00%, 0, 0, 2, 23.44, 7946, 190
1293, 0, 0, 46, 46, 1, 0.00%, 0, 0, 2, 23.85, 8066, 190
1298, 0, 0, 47, 47, 1, 0.00%, 0, 0, 2, 24.11, 8192, 190
1303, 0, 0, 49, 49, 1, 0.00%, 0, 0, 2, 23.03, 8311, 190
1308, 0, 0, 51, 51, 1, 0.00%, 0, 0, 2, 23.22, 8426, 192
1313, 0, 0, 52, 52, 1, 0.00%, 0, 0, 2, 23.48, 8548, 192
1319, 0, 0, 53, 53, 1, 0.00%, 0, 0, 2, 23.38, 8666, 192
1324, 0, 0, 53, 53, 1, 0.00%, 0, 0, 2, 23.61, 8786, 192
1329, 0, 0, 53, 53, 1, 0.00%, 0, 0, 2, 23.72, 8906, 192
1334, 0, 0, 53, 53, 1, 0.00%, 0, 0, 2, 23.61, 9025, 192
1339, 0, 13, 53, 52, 20, 0.00%, 0, 0, 2, 23.33, 9143, 192
1344, 0, 13, 59, 58, 20, 0.00%, 0, 0, 3, 22.45, 9257, 192
1349, 0, 13, 63, 62, 20, 0.00%, 0, 0, 3, 22.88, 9371, 192
1354, 0, 13, 65, 64, 20, 0.00%, 0, 0, 3, 23.12, 9486, 192
1360, 0, 13, 65, 64, 20, 0.00%, 0, 0, 3, 23.04, 9605, 192
1365, 0, 13, 65, 64, 20, 0.00%, 0, 0, 3, 23.58, 9725, 192
1370, 0, 13, 66, 65, 20, 0.00%, 0, 0, 3, 23.89, 9847, 194
1375, 0, 13, 66, 65, 20, 0.00%, 0, 0, 3, 23.25, 9964, 194
1380, 0, 13, 66, 65, 20, 0.00%, 0, 0, 3, 23.25, 10084, 194
1385, 0, 13, 66, 65, 20, 0.00%, 0, 0, 3, 23.64, 10204, 194
1390, 0, 13, 66, 65, 20, 0.00%, 0, 0, 3, 23.18, 10324, 194
1395, 0, 13, 66, 65, 20, 0.00%, 0, 0, 3, 23.34, 10443, 194
1401, 0, 13, 67, 66, 20, 0.00%, 0, 0, 3, 23.02, 10560, 194
1406, 0, 13, 67, 66, 20, 0.00%, 0, 0, 3, 23.02, 10680, 194
1411, 0, 13, 68, 67, 20, 0.00%, 0, 0, 3, 23.31, 10799, 194
1416, 0, 13, 72, 71, 20, 0.00%, 0, 0, 3, 22.80, 10917, 194
1421, 0, 13, 73, 72, 20, 0.00%, 0, 0, 3, 22.97, 11033, 194
1426, 0, 13, 73, 72, 20, 0.00%, 0, 0, 3, 23.36, 11153, 194
1432, 0, 13, 74, 73, 20, 0.00%, 1, 0, 3, 23.11, 11268, 194
1437, 0, 13, 75, 74, 20, 0.00%, 1, 0, 3, 23.05, 11387, 195
1442, 0, 13, 75, 74, 20, 0.00%, 1, 0, 3, 23.36, 11507, 195
1447, 0, 13, 75, 74, 20, 0.00%, 1, 0, 3, 23.35, 11627, 195
1452, 0, 13, 76, 75, 20, 0.00%, 1, 0, 3, 22.97, 11743, 195
1457, 0, 13, 76, 75, 20, 0.00%, 2, 0, 3, 23.34, 11863, 195
1462, 0, 13, 76, 75, 20, 0.00%, 2, 0, 3, 23.24, 11982, 195
1468, 0, 13, 76, 75, 20, 0.00%, 2, 0, 3, 23.24, 12102, 195
1473, 0, 13, 76, 75, 20, 0.00%, 2, 0, 3, 23.42, 12222, 195
1478, 0, 13, 77, 76, 20, 0.00%, 2, 0, 3, 23.26, 12340, 195
1483, 0, 13, 79, 78, 20, 0.00%, 2, 0, 3, 23.15, 12458, 195
1488, 0, 6, 80, 78, 19, 0.00%, 2, 0, 3, 22.98, 12572, 195
1493, 0, 6, 81, 79, 19, 0.00%, 2, 0, 3, 23.14, 12688, 195
1498, 0, 3, 81, 78, 18, 0.00%, 2, 0, 3, 23.43, 12808, 195
1503, 0, 3, 81, 78, 18, 0.00%, 2, 0, 3, 23.58, 12927, 195
1508, 0, 21, 81, 77, 17, 0.00%, 2, 0, 3, 22.97, 13042, 195
1514, 0, 21, 84, 80, 17, 0.00%, 2, 0, 3, 22.72, 13163, 195
1519, 0, 21, 87, 83, 17, 0.00%, 2, 0, 3, 22.53, 13278, 195
1524, 0, 21, 87, 83, 17, 0.00%, 2, 0, 3, 23.02, 13398, 195
1529, 0, 21, 89, 85, 17, 0.00%, 2, 0, 3, 22.79, 13509, 197
1534, 0, 21, 91, 87, 17, 0.00%, 2, 0, 3, 22.91, 13622, 197
1539, 0, 21, 91, 87, 17, 0.00%, 2, 0, 3, 23.21, 13742, 197
1544, 0, 21, 92, 88, 17, 0.00%, 2, 0, 3, 23.29, 13859, 197
1549, 0, 21, 93, 89, 17, 0.00%, 2, 0, 3, 22.89, 13976, 197
1554, 0, 21, 94, 90, 17, 0.00%, 2, 0, 3, 22.97, 14090, 197
1560, 0, 21, 94, 90, 17, 0.00%, 2, 0, 3, 23.25, 14210, 197
1564, 0, 21, 94, 90, 17, 0.00%, 2, 0, 3, 0.00, 14315, 197
