# unix_time, cycles_done, cur_path, paths_total, pending_total, pending_favs, map_size, unique_crashes, unique_hangs, max_depth, execs_per_sec
1676219141, 0, 0, 1, 1, 1, 0.27%, 0, 0, 1, 77.67
1676219146, 0, 0, 23, 23, 1, 0.34%, 0, 0, 2, 118.17
1676219151, 0, 0, 41, 41, 1, 0.34%, 0, 0, 2, 126.97
1676219156, 0, 0, 43, 43, 1, 0.34%, 0, 0, 2, 128.45
1676219161, 0, 0, 47, 47, 1, 0.36%, 0, 0, 2, 129.12
1676219166, 0, 0, 53, 53, 1, 0.38%, 0, 0, 2, 129.21
1676219213, 0, 0, 54, 54, 1, 0.38%, 0, 0, 2, 130.21
1676219269, 0, 0, 61, 61, 1, 0.40%, 0, 0, 2, 127.59
1676219274, 0, 0, 84, 84, 1, 0.40%, 0, 0, 2, 131.50
1676219279, 0, 0, 88, 88, 1, 0.41%, 0, 0, 2, 132.19
1676219284, 0, 0, 89, 89, 1, 0.41%, 0, 0, 2, 132.19
1676219304, 0, 0, 90, 90, 1, 0.41%, 0, 0, 2, 132.12
1676219309, 0, 0, 91, 91, 1, 0.41%, 0, 0, 2, 131.89
1676219324, 0, 0, 92, 92, 1, 0.41%, 0, 0, 2, 132.22
1676219360, 0, 0, 93, 93, 1, 0.41%, 0, 0, 2, 132.28
1676219375, 0, 0, 94, 94, 1, 0.41%, 0, 0, 2, 131.96
1676219380, 0, 0, 95, 95, 1, 0.41%, 0, 0, 2, 131.88
1676219385, 0, 0, 95, 95, 1, 0.41%, 1, 0, 2, 131.90
1676219411, 0, 0, 96, 96, 1, 0.42%, 1, 0, 2, 132.36
1676219416, 0, 0, 97, 97, 1, 0.42%, 1, 0, 2, 131.92
1676219451, 0, 0, 98, 98, 1, 0.42%, 1, 0, 2, 131.64
1676219481, 0, 0, 99, 99, 1, 0.42%, 1, 0, 2, 132.19
1676219522, 0, 87, 99, 98, 18, 0.42%, 1, 0, 2, 128.82
1676219583, 0, 88, 99, 97, 17, 0.42%, 1, 0, 2, 131.36
