# unix_time, cycles_done, cur_path, paths_total, pending_total, pending_favs, map_size, unique_crashes, unique_hangs, max_depth, execs_per_sec
1676214362, 0, 0, 1, 1, 1, 0.14%, 0, 0, 1, 74.07
1676214367, 0, 0, 30, 30, 1, 0.18%, 0, 0, 2, 129.97
1676214373, 0, 0, 34, 34, 1, 0.18%, 0, 0, 2, 141.49
1676214378, 0, 0, 41, 41, 1, 0.19%, 0, 0, 2, 144.14
1676214383, 0, 0, 43, 43, 1, 0.20%, 0, 0, 2, 144.21
1676214388, 0, 0, 46, 46, 1, 0.20%, 0, 0, 2, 144.38
1676214393, 0, 0, 49, 49, 1, 0.20%, 0, 0, 2, 144.18
1676214399, 0, 0, 50, 50, 1, 0.21%, 0, 0, 2, 144.31
1676214440, 0, 0, 63, 63, 1, 0.22%, 0, 0, 2, 144.30
1676214445, 0, 0, 73, 73, 1, 0.22%, 0, 0, 2, 144.45
1676214450, 0, 0, 77, 77, 1, 0.22%, 0, 0, 2, 144.15
1676214455, 0, 0, 82, 82, 1, 0.22%, 0, 0, 2, 144.17
1676214471, 0, 0, 83, 83, 1, 0.22%, 0, 0, 2, 144.42
1676214502, 0, 0, 84, 84, 1, 0.22%, 0, 0, 2, 144.10
1676214507, 0, 0, 85, 85, 1, 0.22%, 0, 0, 2, 144.01
1676214512, 0, 0, 86, 86, 1, 0.22%, 0, 0, 2, 143.90
1676214517, 0, 0, 87, 87, 1, 0.22%, 0, 0, 2, 144.31
1676214528, 0, 0, 88, 88, 1, 0.22%, 0, 0, 2, 143.83
1676214543, 0, 0, 89, 89, 1, 0.22%, 0, 0, 2, 144.32
1676214569, 0, 0, 92, 92, 1, 0.22%, 0, 0, 2, 144.02
1676214610, 0, 0, 93, 93, 1, 0.22%, 0, 0, 2, 144.20
1676214968, 0, 35, 93, 92, 18, 0.22%, 0, 0, 2, 143.05
1676215270, 0, 35, 94, 93, 18, 0.22%, 0, 0, 3, 0.09
1676215286, 0, 35, 95, 94, 18, 0.22%, 0, 0, 3, 145.34
1676215306, 0, 35, 98, 97, 18, 0.22%, 0, 0, 3, 143.42
1676215311, 0, 35, 99, 98, 18, 0.22%, 0, 0, 3, 143.35
1676215316, 0, 35, 101, 100, 18, 0.22%, 0, 0, 3, 140.02
1676215321, 0, 35, 103, 102, 18, 0.22%, 0, 0, 3, 142.16
1676215326, 0, 35, 104, 103, 18, 0.22%, 0, 0, 3, 143.34
1676215920, 0, 35, 110, 109, 18, 0.22%, 0, 0, 3, 143.50
1676215935, 0, 35, 112, 111, 18, 0.22%, 0, 0, 3, 143.59
1676215945, 0, 35, 113, 112, 18, 0.22%, 0, 0, 3, 143.65
1676215955, 0, 35, 114, 113, 18, 0.22%, 0, 0, 3, 143.19
1676215960, 0, 35, 115, 114, 18, 0.22%, 0, 0, 3, 143.58
