# unix_time, cycles_done, cur_path, paths_total, pending_total, pending_favs, map_size, unique_crashes, unique_hangs, max_depth, execs_per_sec
1676216440, 0, 0, 1, 1, 1, 0.13%, 0, 0, 1, 82.47
1676216445, 0, 0, 34, 34, 1, 0.20%, 0, 0, 2, 129.87
1676216450, 0, 0, 45, 45, 1, 0.21%, 0, 0, 2, 139.58
1676216455, 0, 0, 54, 54, 1, 0.22%, 0, 0, 2, 141.68
1676216461, 0, 0, 58, 58, 1, 0.22%, 0, 0, 2, 142.54
1676216466, 0, 0, 60, 60, 1, 0.22%, 0, 0, 2, 142.75
1676216471, 0, 0, 62, 62, 1, 0.22%, 0, 0, 2, 143.06
1676216476, 0, 0, 65, 65, 1, 0.23%, 0, 0, 2, 143.31
1676216481, 0, 0, 66, 66, 1, 0.23%, 0, 0, 2, 142.75
1676216486, 0, 0, 67, 67, 1, 0.23%, 0, 0, 2, 141.87
1676216531, 0, 0, 82, 82, 1, 0.24%, 0, 0, 2, 141.29
1676216536, 0, 0, 88, 88, 1, 0.24%, 0, 0, 2, 141.54
1676216541, 0, 0, 96, 96, 1, 0.24%, 0, 0, 2, 141.28
1676216546, 0, 0, 98, 98, 1, 0.24%, 0, 0, 2, 141.43
1676216552, 0, 0, 102, 102, 1, 0.24%, 0, 0, 2, 141.57
1676216557, 0, 0, 104, 104, 1, 0.24%, 0, 0, 2, 140.73
1676216562, 0, 0, 105, 105, 1, 0.24%, 0, 0, 2, 141.18
1676216567, 0, 0, 106, 106, 1, 0.24%, 0, 0, 2, 141.36
1676216572, 0, 0, 107, 107, 1, 0.24%, 0, 0, 2, 141.18
1676216577, 0, 0, 108, 108, 1, 0.24%, 0, 0, 2, 141.58
1676216587, 0, 0, 110, 110, 1, 0.24%, 0, 0, 2, 141.30
1676216592, 0, 0, 111, 111, 1, 0.24%, 0, 0, 2, 141.48
1676216612, 0, 0, 112, 112, 1, 0.24%, 0, 0, 2, 140.22
1676216627, 0, 0, 114, 114, 1, 0.24%, 0, 0, 2, 141.51
1676216632, 0, 0, 115, 115, 1, 0.24%, 0, 0, 2, 141.22
1676216638, 0, 0, 117, 117, 1, 0.24%, 0, 0, 2, 141.18
1676216653, 0, 0, 118, 118, 1, 0.24%, 1, 0, 2, 141.55
1676216663, 0, 0, 119, 119, 1, 0.24%, 1, 0, 2, 141.22
1676216688, 0, 0, 120, 120, 1, 0.24%, 1, 0, 2, 141.71
1676216708, 0, 0, 121, 121, 1, 0.24%, 1, 0, 2, 141.58
1676216764, 0, 49, 121, 120, 18, 0.24%, 1, 0, 2, 140.10
1676216769, 0, 49, 123, 122, 18, 0.24%, 1, 0, 3, 141.55
1676216805, 0, 59, 123, 121, 18, 0.24%, 1, 0, 3, 140.26
1676216876, 0, 60, 123, 120, 18, 0.24%, 1, 0, 3, 141.24
