# unix_time, cycles_done, cur_path, paths_total, pending_total, pending_favs, map_size, unique_crashes, unique_hangs, max_depth, execs_per_sec
1676037595, 0, 0, 1, 1, 1, 0.16%, 0, 0, 1, 78.43
1676037600, 0, 0, 4, 4, 1, 0.18%, 0, 0, 2, 96.04
1676037610, 0, 0, 7, 7, 1, 0.35%, 0, 0, 2, 101.60
1676037616, 0, 0, 11, 11, 1, 0.40%, 0, 0, 2, 101.11
1676037626, 0, 0, 12, 12, 1, 0.40%, 0, 0, 2, 111.56
1676037641, 0, 0, 13, 13, 1, 0.40%, 0, 0, 2, 106.85
1676037676, 0, 0, 14, 14, 1, 0.41%, 0, 0, 2, 105.76
1676037696, 0, 0, 15, 15, 1, 0.45%, 0, 0, 2, 105.25
1676037701, 0, 0, 16, 16, 1, 0.46%, 0, 0, 2, 105.55
1676037727, 0, 0, 17, 17, 1, 0.46%, 0, 0, 2, 105.82
1676037737, 0, 0, 18, 18, 1, 0.47%, 0, 0, 2, 105.07
1676037788, 0, 0, 19, 19, 1, 0.47%, 0, 0, 2, 104.85
1676037808, 0, 0, 20, 20, 1, 0.47%, 0, 0, 2, 112.12
1676037880, 0, 0, 21, 21, 1, 0.48%, 0, 0, 2, 112.23
1676037911, 0, 0, 22, 22, 1, 0.48%, 0, 0, 2, 111.92
1676037916, 0, 17, 26, 25, 10, 0.48%, 0, 0, 3, 102.66
1676037921, 0, 17, 27, 26, 10, 0.48%, 0, 0, 3, 100.44
1676037926, 0, 17, 38, 37, 10, 0.51%, 1, 0, 3, 100.62
1676037931, 0, 17, 40, 39, 10, 0.51%, 1, 0, 3, 100.62
1676037936, 0, 17, 41, 40, 10, 0.51%, 1, 0, 3, 100.16
1676037941, 0, 17, 45, 44, 10, 0.51%, 1, 0, 3, 100.09
1676037951, 0, 17, 46, 45, 10, 0.51%, 1, 0, 3, 100.33
1676037962, 0, 17, 48, 47, 10, 0.51%, 1, 0, 3, 100.34
1676037967, 0, 17, 49, 48, 10, 0.51%, 1, 0, 3, 100.48
1676037982, 0, 17, 50, 49, 10, 0.51%, 1, 0, 3, 99.91
1676037987, 0, 17, 52, 51, 10, 0.51%, 1, 0, 3, 100.12
1676037992, 0, 17, 52, 51, 10, 0.51%, 2, 0, 3, 99.57
1676038007, 0, 17, 53, 52, 10, 0.51%, 2, 0, 3, 100.27
1676038033, 0, 17, 54, 53, 10, 0.51%, 2, 0, 3, 100.66
1676038038, 0, 17, 55, 54, 10, 0.51%, 2, 0, 3, 100.21
1676038043, 0, 17, 56, 55, 10, 0.51%, 2, 0, 3, 100.15
1676038053, 0, 17, 57, 56, 10, 0.51%, 2, 0, 3, 100.05
1676038069, 0, 17, 59, 58, 10, 0.51%, 2, 0, 3, 100.07
1676038074, 0, 17, 60, 59, 10, 0.51%, 2, 0, 3, 100.30
