# unix_time, cycles_done, cur_path, paths_total, pending_total, pending_favs, map_size, unique_crashes, unique_hangs, max_depth, execs_per_sec
1676206847, 0, 0, 1, 1, 1, 0.16%, 0, 0, 1, 70.80
1676206852, 0, 0, 25, 25, 1, 0.24%, 0, 0, 2, 129.12
1676206857, 0, 0, 28, 28, 1, 0.24%, 0, 0, 2, 141.04
1676206863, 0, 0, 37, 37, 1, 0.25%, 0, 0, 2, 143.27
1676206868, 0, 0, 40, 40, 1, 0.26%, 0, 0, 2, 143.44
1676206873, 0, 0, 42, 42, 1, 0.26%, 0, 0, 2, 143.97
1676206878, 0, 0, 44, 44, 1, 0.26%, 0, 0, 2, 144.26
1676206883, 0, 0, 46, 46, 1, 0.27%, 0, 0, 2, 144.71
1676206899, 0, 0, 47, 47, 1, 0.27%, 0, 0, 2, 144.85
1676206929, 0, 0, 63, 63, 1, 0.29%, 0, 0, 2, 144.34
1676206934, 0, 0, 89, 89, 1, 0.29%, 0, 0, 2, 144.83
1676206939, 0, 0, 99, 99, 1, 0.29%, 0, 0, 2, 145.25
1676206945, 0, 0, 102, 102, 1, 0.30%, 0, 0, 2, 145.73
1676206950, 0, 0, 105, 105, 1, 0.30%, 0, 0, 2, 145.12
1676206955, 0, 0, 109, 109, 1, 0.30%, 0, 0, 2, 145.43
1676206960, 0, 0, 110, 110, 1, 0.30%, 0, 0, 2, 144.49
1676206976, 0, 0, 111, 111, 1, 0.30%, 0, 0, 2, 145.59
1676206981, 0, 0, 112, 112, 1, 0.30%, 0, 0, 2, 145.19
1676206986, 0, 0, 113, 113, 1, 0.30%, 0, 0, 2, 145.50
1676207001, 0, 0, 114, 114, 1, 0.30%, 0, 0, 2, 145.50
1676207006, 0, 0, 115, 115, 1, 0.30%, 0, 0, 2, 145.73
1676207012, 0, 0, 116, 116, 1, 0.30%, 0, 0, 2, 145.39
1676207027, 0, 0, 117, 117, 1, 0.30%, 0, 0, 2, 145.34
1676207037, 0, 0, 118, 118, 1, 0.30%, 0, 0, 2, 145.18
1676207084, 0, 0, 119, 119, 1, 0.30%, 0, 0, 2, 145.09
1676207089, 0, 0, 120, 120, 1, 0.30%, 0, 0, 2, 145.18
1676207104, 0, 0, 121, 121, 1, 0.30%, 0, 0, 2, 145.29
1676207130, 0, 0, 122, 122, 1, 0.30%, 0, 0, 2, 145.10
1676207135, 0, 0, 124, 124, 1, 0.30%, 0, 0, 2, 145.08
1676207151, 0, 0, 125, 125, 1, 0.30%, 0, 0, 2, 145.40
1676207161, 0, 45, 130, 129, 23, 0.30%, 0, 0, 3, 144.07
1676207182, 0, 45, 131, 130, 23, 0.30%, 0, 0, 3, 142.40
1676207197, 0, 45, 132, 131, 23, 0.30%, 0, 0, 3, 139.81
1676207202, 0, 45, 132, 131, 23, 0.30%, 1, 0, 3, 140.32
1676207212, 0, 45, 133, 132, 23, 0.30%, 1, 0, 3, 140.83
1676207217, 0, 45, 134, 133, 23, 0.30%, 1, 0, 3, 140.90
1676207222, 0, 45, 135, 134, 23, 0.30%, 1, 0, 3, 141.06
1676207227, 0, 45, 136, 135, 23, 0.30%, 1, 0, 3, 141.09
1676207263, 0, 45, 138, 137, 23, 0.30%, 1, 0, 3, 141.29
1676207273, 0, 45, 139, 138, 23, 0.30%, 1, 0, 3, 141.36
