# unix_time, cycles_done, cur_path, paths_total, pending_total, pending_favs, map_size, unique_crashes, unique_hangs, max_depth, execs_per_sec
1676154970, 0, 0, 1, 1, 1, 0.08%, 0, 0, 1, 36.20
1676154975, 0, 0, 3, 3, 1, 0.09%, 0, 0, 2, 42.82
1676155000, 0, 0, 6, 6, 1, 0.12%, 0, 0, 2, 45.27
1676155016, 0, 0, 9, 9, 1, 0.13%, 0, 0, 2, 45.14
1676155021, 0, 0, 10, 10, 1, 0.13%, 0, 0, 2, 45.63
1676155031, 0, 0, 12, 12, 1, 0.14%, 0, 0, 2, 45.31
1676155041, 0, 0, 13, 13, 1, 0.15%, 0, 0, 2, 45.48
1676155051, 0, 0, 15, 15, 1, 0.15%, 0, 0, 2, 44.68
1676155061, 0, 0, 16, 16, 1, 0.15%, 0, 0, 2, 44.77
1676155066, 0, 0, 19, 19, 1, 0.15%, 0, 0, 2, 45.21
1676155076, 0, 0, 20, 20, 1, 0.15%, 0, 0, 2, 45.48
1676155086, 0, 0, 22, 22, 1, 0.15%, 0, 0, 2, 44.66
1676155106, 0, 0, 23, 23, 1, 0.15%, 0, 0, 2, 50.94
1676155112, 0, 0, 24, 24, 1, 0.15%, 0, 0, 2, 45.49
1676155142, 0, 0, 25, 25, 1, 0.15%, 0, 0, 2, 43.95
1676155147, 0, 7, 25, 24, 10, 0.15%, 0, 0, 2, 43.89
1676155152, 0, 7, 29, 28, 10, 0.15%, 0, 0, 3, 43.13
1676155157, 0, 7, 31, 30, 10, 0.15%, 0, 0, 3, 43.38
1676155162, 0, 7, 33, 32, 10, 0.15%, 0, 0, 3, 43.16
1676155167, 0, 7, 35, 34, 10, 0.15%, 0, 0, 3, 43.19
1676155172, 0, 7, 36, 35, 10, 0.16%, 0, 0, 3, 42.87
1676155188, 0, 7, 37, 36, 10, 0.16%, 0, 0, 3, 43.34
1676155203, 0, 7, 39, 38, 10, 0.16%, 0, 0, 3, 51.39
1676155304, 0, 32, 39, 37, 11, 0.16%, 0, 0, 3, 43.79
1676155350, 0, 32, 44, 42, 11, 0.16%, 0, 0, 4, 44.35
1676155365, 0, 32, 46, 44, 11, 0.16%, 0, 0, 4, 43.52
1676155370, 0, 32, 47, 45, 11, 0.16%, 0, 0, 4, 42.65
1676155375, 0, 32, 48, 46, 11, 0.16%, 0, 0, 4, 42.82
1676155380, 0, 32, 49, 47, 11, 0.16%, 0, 0, 4, 43.56
1676155386, 0, 32, 50, 48, 11, 0.16%, 0, 0, 4, 43.70
1676155411, 0, 32, 51, 49, 11, 0.16%, 0, 0, 4, 43.38
1676155426, 0, 32, 53, 51, 11, 0.16%, 0, 0, 4, 43.89
1676155457, 0, 32, 54, 52, 11, 0.16%, 0, 0, 4, 43.79
1676155467, 0, 32, 55, 53, 11, 0.16%, 0, 0, 4, 48.27
1676155497, 0, 40, 55, 52, 9, 0.16%, 0, 0, 4, 43.86
