# relative_time, cycles_done, cur_item, corpus_count, pending_total, pending_favs, map_size, saved_crashes, saved_hangs, max_depth, execs_per_sec, total_execs, edges_found
61, 0, 0, 15, 15, 1, 0.00%, 0, 0, 2, 24.07, 1491, 143
66, 0, 0, 15, 15, 1, 0.00%, 0, 0, 2, 24.57, 1616, 143
72, 0, 0, 17, 17, 1, 0.00%, 0, 0, 2, 23.99, 1736, 144
77, 0, 0, 17, 17, 1, 0.00%, 0, 0, 2, 24.22, 1861, 144
82, 0, 0, 17, 17, 1, 0.00%, 0, 0, 2, 24.38, 1986, 144
87, 0, 0, 17, 17, 1, 0.00%, 0, 0, 2, 24.47, 2111, 144
92, 0, 0, 17, 17, 1, 0.00%, 0, 0, 2, 24.29, 2236, 144
97, 0, 0, 18, 18, 1, 0.00%, 0, 0, 2, 24.40, 2360, 145
102, 0, 0, 18, 18, 1, 0.00%, 0, 0, 2, 24.44, 2485, 145
107, 0, 0, 18, 18, 1, 0.00%, 0, 0, 2, 24.47, 2610, 145
112, 0, 0, 19, 19, 1, 0.00%, 0, 0, 2, 23.85, 2728, 146
118, 0, 0, 19, 19, 1, 0.00%, 0, 0, 2, 24.26, 2853, 146
123, 0, 0, 20, 20, 1, 0.00%, 0, 0, 2, 24.17, 2976, 148
128, 0, 0, 20, 20, 1, 0.00%, 0, 0, 2, 24.08, 3100, 148
133, 0, 0, 20, 20, 1, 0.00%, 0, 0, 2, 24.34, 3225, 148
138, 0, 0, 21, 21, 1, 0.00%, 0, 0, 2, 24.20, 3347, 149
143, 0, 0, 21, 21, 1, 0.00%, 0, 0, 2, 24.31, 3472, 149
148, 0, 0, 22, 22, 1, 0.00%, 0, 0, 2, 24.35, 3595, 150
154, 0, 0, 22, 22, 1, 0.00%, 0, 0, 2, 24.51, 3720, 150
159, 0, 0, 23, 23, 1, 0.00%, 0, 0, 2, 24.32, 3845, 150
164, 0, 0, 23, 23, 1, 0.00%, 0, 0, 2, 24.40, 3970, 150
169, 0, 0, 23, 23, 1, 0.00%, 0, 0, 2, 24.16, 4094, 150
174, 0, 0, 23, 23, 1, 0.00%, 0, 0, 2, 24.41, 4219, 150
179, 0, 0, 23, 23, 1, 0.00%, 0, 0, 2, 24.51, 4344, 150
184, 0, 0, 23, 23, 1, 0.00%, 0, 0, 2, 24.37, 4469, 150
189, 0, 0, 24, 24, 1, 0.00%, 0, 0, 2, 24.33, 4592, 150
194, 0, 0, 26, 26, 1, 0.00%, 0, 0, 2, 24.23, 4711, 151
200, 0, 0, 26, 26, 1, 0.00%, 0, 0, 2, 24.55, 4836, 151
205, 0, 0, 27, 27, 1, 0.00%, 0, 0, 2, 24.27, 4956, 151
210, 0, 0, 27, 27, 1, 0.00%, 0, 0, 2, 24.50, 5081, 151
215, 0, 0, 27, 27, 1, 0.00%, 0, 0, 2, 24.48, 5206, 151
220, 0, 0, 27, 27, 1, 0.00%, 0, 0, 2, 24.39, 5331, 151
225, 0, 0, 27, 27, 1, 0.00%, 0, 0, 2, 24.27, 5456, 151
230, 0, 0, 27, 27, 1, 0.00%, 0, 0, 2, 24.46, 5581, 151
235, 0, 0, 27, 27, 1, 0.00%, 0, 0, 2, 24.45, 5706, 151
240, 0, 0, 27, 27, 1, 0.00%, 0, 0, 2, 24.27, 5831, 151
245, 0, 0, 27, 27, 1, 0.00%, 0, 0, 2, 24.47, 5956, 151
251, 0, 0, 28, 28, 1, 0.00%, 0, 0, 2, 24.19, 6076, 151
256, 0, 0, 28, 28, 1, 0.00%, 0, 0, 2, 24.29, 6201, 151
261, 0, 0, 28, 28, 1, 0.00%, 0, 0, 2, 24.38, 6326, 151
266, 0, 0, 28, 28, 1, 0.00%, 0, 0, 2, 24.35, 6451, 151
271, 0, 0, 28, 28, 1, 0.00%, 0, 0, 2, 24.46, 6576, 151
276, 0, 0, 28, 28, 1, 0.00%, 0, 0, 2, 24.43, 6701, 151
281, 0, 0, 31, 31, 1, 0.00%, 0, 0, 2, 23.75, 6825, 152
286, 0, 0, 35, 35, 1, 0.00%, 0, 0, 2, 23.41, 6940, 155
292, 0, 0, 39, 39, 1, 0.00%, 0, 0, 2, 23.39, 7057, 155
297, 0, 0, 42, 42, 1, 0.00%, 0, 0, 2, 23.63, 7180, 155
302, 0, 0, 47, 47, 1, 0.00%, 0, 0, 2, 23.47, 7297, 155
307, 0, 0, 48, 48, 1, 0.00%, 0, 0, 2, 24.10, 7421, 156
312, 0, 0, 48, 48, 1, 0.00%, 0, 0, 2, 24.26, 7546, 156
317, 0, 0, 50, 50, 1, 0.00%, 0, 0, 2, 24.05, 7667, 158
322, 0, 0, 53, 53, 1, 0.00%, 0, 0, 2, 23.87, 7785, 158
328, 0, 0, 55, 55, 1, 0.00%, 0, 0, 2, 24.04, 7904, 158
333, 0, 0, 55, 55, 1, 0.00%, 0, 0, 2, 24.59, 8029, 158
338, 0, 0, 56, 56, 1, 0.00%, 0, 0, 2, 24.12, 8149, 158
343, 0, 0, 56, 56, 1, 0.00%, 0, 0, 2, 24.35, 8274, 158
348, 0, 0, 56, 56, 1, 0.00%, 0, 0, 2, 24.45, 8399, 158
353, 0, 0, 56, 56, 1, 0.00%, 0, 0, 2, 24.32, 8524, 158
358, 0, 0, 56, 56, 1, 0.00%, 0, 0, 2, 24.05, 8648, 158
363, 0, 1, 57, 56, 20, 0.00%, 0, 0, 2, 23.63, 8765, 158
368, 0, 13, 58, 56, 19, 0.00%, 0, 0, 3, 24.05, 8888, 158
373, 0, 13, 63, 61, 19, 0.00%, 0, 0, 3, 23.58, 9003, 160
378, 0, 13, 66, 64, 19, 0.00%, 1, 0, 3, 23.63, 9119, 160
383, 0, 13, 67, 65, 19, 0.00%, 1, 0, 3, 23.96, 9238, 162
389, 0, 13, 67, 65, 19, 0.00%, 1, 0, 3, 24.21, 9363, 162
394, 0, 13, 67, 65, 19, 0.00%, 1, 0, 3, 24.02, 9488, 162
399, 0, 13, 67, 65, 19, 0.00%, 1, 0, 3, 24.09, 9613, 162
404, 0, 13, 67, 65, 19, 0.00%, 1, 0, 3, 24.56, 9739, 162
409, 0, 13, 67, 65, 19, 0.00%, 1, 0, 3, 24.18, 9865, 162
414, 0, 13, 67, 65, 19, 0.00%, 1, 0, 3, 24.01, 9985, 162
419, 0, 13, 67, 65, 19, 0.00%, 1, 0, 3, 24.38, 10110, 162
425, 0, 13, 67, 65, 19, 0.00%, 1, 0, 3, 24.22, 10234, 162
430, 0, 13, 67, 65, 19, 0.00%, 1, 0, 3, 24.11, 10359, 162
435, 0, 13, 67, 65, 19, 0.00%, 1, 0, 3, 24.20, 10484, 162
440, 0, 13, 67, 65, 19, 0.00%, 1, 0, 3, 24.46, 10610, 162
445, 0, 7, 67, 64, 18, 0.00%, 1, 0, 3, 23.94, 10728, 162
450, 0, 7, 68, 65, 18, 0.00%, 1, 0, 3, 24.00, 10850, 163
455, 0, 2, 68, 64, 17, 0.00%, 1, 0, 3, 24.22, 10974, 163
460, 0, 2, 70, 66, 17, 0.00%, 1, 0, 3, 23.89, 11094, 165
466, 0, 15, 70, 65, 18, 0.00%, 1, 0, 3, 23.68, 11217, 165
471, 0, 15, 70, 65, 18, 0.00%, 1, 0, 3, 24.27, 11342, 165
476, 0, 15, 76, 71, 18, 0.00%, 1, 0, 3, 23.19, 11457, 168
481, 0, 15, 80, 75, 18, 0.00%, 1, 0, 3, 23.35, 11575, 168
486, 0, 15, 82, 77, 18, 0.00%, 1, 0, 3, 23.78, 11700, 168
492, 0, 15, 84, 79, 18, 0.00%, 1, 0, 3, 23.99, 11821, 169
497, 0, 15, 87, 82, 18, 0.00%, 1, 0, 3, 23.81, 11939, 169
502, 0, 15, 88, 83, 18, 0.00%, 1, 0, 3, 23.99, 12063, 169
507, 0, 15, 92, 87, 18, 0.00%, 1, 0, 3, 23.80, 12190, 169
512, 0, 15, 93, 88, 18, 0.00%, 1, 0, 3, 23.99, 12311, 169
518, 0, 15, 95, 90, 18, 0.00%, 1, 0, 3, 23.97, 12435, 169
523, 0, 15, 95, 90, 18, 0.00%, 1, 0, 3, 24.07, 12559, 169
528, 0, 15, 95, 90, 18, 0.00%, 1, 0, 3, 24.26, 12684, 169
533, 0, 15, 96, 91, 18, 0.00%, 1, 0, 3, 24.16, 12808, 169
538, 0, 15, 97, 92, 18, 0.00%, 1, 0, 3, 24.23, 12931, 169
544, 0, 15, 98, 93, 18, 0.00%, 1, 0, 3, 24.02, 13060, 169
549, 0, 34, 98, 92, 16, 0.00%, 1, 0, 3, 23.53, 13183, 169
554, 0, 34, 99, 93, 16, 0.00%, 1, 0, 3, 23.69, 13302, 169
559, 0, 34, 100, 94, 16, 0.00%, 1, 0, 3, 23.94, 13426, 169
564, 0, 12, 100, 93, 15, 0.00%, 1, 0, 3, 23.88, 13549, 169
569, 0, 12, 101, 94, 15, 0.00%, 1, 0, 3, 23.91, 13668, 169
574, 0, 93, 103, 95, 14, 0.00%, 1, 0, 4, 23.76, 13788, 169
579, 0, 93, 103, 95, 14, 0.00%, 1, 0, 4, 23.53, 13908, 169
585, 0, 93, 104, 96, 14, 0.00%, 1, 0, 4, 24.07, 14031, 169
590, 0, 64, 104, 95, 13, 0.00%, 1, 0, 4, 23.75, 14149, 169
595, 0, 64, 104, 95, 13, 0.00%, 1, 0, 4, 24.13, 14274, 169
598, 0, 28, 104, 94, 12, 0.00%, 1, 0, 4, 23.35, 14350, 169
