# unix_time, cycles_done, cur_path, paths_total, pending_total, pending_favs, map_size, unique_crashes, unique_hangs, max_depth, execs_per_sec
1676038195, 0, 0, 1, 1, 1, 0.16%, 0, 0, 1, 80.81
1676038200, 0, 0, 4, 4, 1, 0.18%, 0, 0, 2, 96.95
1676038216, 0, 0, 7, 7, 1, 0.21%, 0, 0, 2, 99.76
1676038221, 0, 0, 10, 10, 1, 0.28%, 0, 0, 2, 101.13
1676038226, 0, 0, 11, 11, 1, 0.38%, 0, 0, 2, 106.66
1676038236, 0, 0, 14, 14, 1, 0.45%, 0, 0, 2, 99.58
1676038241, 0, 0, 16, 16, 1, 0.46%, 0, 0, 2, 101.32
1676038261, 0, 0, 17, 17, 1, 0.46%, 0, 0, 2, 100.59
1676038302, 0, 0, 18, 18, 1, 0.47%, 0, 0, 2, 100.28
1676038312, 0, 0, 19, 19, 1, 0.47%, 0, 0, 2, 100.09
1676038328, 0, 0, 21, 21, 1, 0.47%, 0, 0, 2, 99.90
1676038410, 0, 0, 22, 22, 1, 0.47%, 0, 0, 2, 110.12
1676038430, 0, 0, 23, 23, 1, 0.49%, 0, 0, 2, 110.40
