# unix_time, cycles_done, cur_path, paths_total, pending_total, pending_favs, map_size, unique_crashes, unique_hangs, max_depth, execs_per_sec
1676144611, 0, 0, 1, 1, 1, 0.06%, 0, 0, 1, 80.00
1676144617, 0, 0, 3, 3, 1, 0.07%, 0, 0, 2, 93.63
1676144627, 0, 0, 5, 5, 1, 0.11%, 0, 0, 2, 98.84
1676144632, 0, 0, 7, 7, 1, 0.11%, 0, 0, 2, 99.36
1676144637, 0, 0, 8, 8, 1, 0.11%, 0, 0, 2, 93.88
1676144642, 0, 0, 10, 10, 1, 0.13%, 0, 0, 2, 95.40
1676144647, 0, 0, 12, 12, 1, 0.16%, 0, 0, 2, 97.84
1676144663, 0, 0, 13, 13, 1, 0.16%, 0, 0, 2, 96.27
1676144678, 0, 0, 14, 14, 1, 0.16%, 0, 0, 2, 95.23
1676144683, 0, 0, 15, 15, 1, 0.16%, 0, 0, 2, 95.24
1676144693, 0, 0, 16, 16, 1, 0.16%, 0, 0, 2, 100.72
1676144724, 0, 0, 17, 17, 1, 0.16%, 0, 0, 2, 99.60
1676144739, 0, 0, 18, 18, 1, 0.17%, 0, 0, 2, 94.43
1676144770, 0, 0, 19, 19, 1, 0.17%, 0, 0, 2, 92.77
1676144791, 0, 0, 20, 20, 1, 0.17%, 0, 0, 2, 92.33
1676144893, 0, 0, 21, 21, 1, 0.17%, 0, 0, 2, 86.02
1676144899, 0, 0, 22, 22, 1, 0.17%, 0, 0, 2, 89.44
1676144909, 0, 0, 23, 23, 1, 0.17%, 0, 0, 2, 98.61
1676144924, 0, 0, 24, 24, 1, 0.17%, 0, 0, 2, 98.08
1676144975, 0, 21, 28, 27, 10, 0.17%, 0, 0, 3, 90.21
1676145057, 0, 21, 29, 28, 10, 0.18%, 0, 0, 3, 39.80
1676145088, 0, 21, 30, 29, 10, 0.18%, 0, 0, 3, 39.84
1676145108, 0, 21, 32, 31, 10, 0.18%, 0, 0, 3, 43.80
1676145118, 0, 21, 33, 32, 10, 0.18%, 0, 0, 3, 41.58
1676145123, 0, 21, 34, 33, 10, 0.18%, 0, 0, 3, 40.52
1676145143, 0, 21, 35, 34, 10, 0.18%, 0, 0, 3, 40.00
1676145164, 0, 21, 36, 35, 10, 0.18%, 0, 0, 3, 39.30
