# unix_time, cycles_done, cur_path, paths_total, pending_total, pending_favs, map_size, unique_crashes, unique_hangs, max_depth, execs_per_sec
1676194059, 0, 0, 1, 1, 1, 0.23%, 0, 0, 1, 83.33
1676194064, 0, 0, 24, 24, 1, 0.29%, 0, 0, 2, 117.45
1676194069, 0, 0, 38, 38, 1, 0.31%, 0, 0, 2, 123.23
1676194080, 0, 0, 42, 42, 1, 0.33%, 0, 0, 2, 125.43
1676194095, 0, 0, 43, 43, 1, 0.33%, 0, 0, 2, 125.98
1676194105, 0, 0, 44, 44, 1, 0.33%, 0, 0, 2, 125.39
1676194116, 0, 0, 45, 45, 1, 0.34%, 0, 0, 2, 127.64
1676194177, 0, 0, 52, 52, 1, 0.35%, 0, 0, 2, 130.73
1676194182, 0, 0, 67, 67, 1, 0.35%, 0, 0, 2, 60.96
1676194187, 0, 0, 72, 72, 1, 0.35%, 0, 0, 2, 39.94
1676194193, 0, 0, 78, 78, 1, 0.35%, 0, 0, 2, 33.40
1676194198, 0, 0, 81, 81, 1, 0.35%, 0, 0, 2, 35.13
1676194203, 0, 0, 85, 85, 1, 0.35%, 0, 0, 2, 69.71
1676194213, 0, 0, 86, 86, 1, 0.35%, 0, 0, 2, 61.21
1676194223, 0, 0, 87, 87, 1, 0.35%, 0, 0, 2, 62.24
1676194229, 0, 0, 88, 88, 1, 0.35%, 0, 0, 2, 63.17
1676194239, 0, 0, 89, 89, 1, 0.35%, 0, 0, 2, 58.78
1676194249, 0, 0, 91, 91, 1, 0.35%, 0, 0, 2, 56.59
1676194285, 0, 0, 92, 92, 1, 0.35%, 0, 0, 2, 61.54
1676194342, 0, 0, 93, 93, 1, 0.35%, 0, 0, 2, 62.31
1676194347, 0, 0, 94, 94, 1, 0.35%, 0, 0, 2, 62.43
1676194367, 0, 0, 95, 95, 1, 0.35%, 0, 0, 2, 63.65
1676194373, 0, 0, 97, 97, 1, 0.35%, 0, 0, 2, 62.99
