# relative_time, cycles_done, cur_item, corpus_count, pending_total, pending_favs, map_size, saved_crashes, saved_hangs, max_depth, execs_per_sec, total_execs, edges_found
62, 0, 0, 15, 15, 1, 0.00%, 0, 0, 2, 21.34, 1291, 138
67, 0, 0, 16, 16, 1, 0.00%, 0, 0, 2, 21.62, 1399, 139
72, 0, 0, 17, 17, 1, 0.00%, 0, 0, 2, 21.33, 1507, 140
77, 0, 0, 17, 17, 1, 0.00%, 0, 0, 2, 21.73, 1617, 140
82, 0, 0, 17, 17, 1, 0.00%, 0, 0, 2, 21.72, 1726, 140
87, 0, 0, 17, 17, 1, 0.00%, 0, 0, 2, 21.80, 1836, 140
92, 0, 0, 17, 17, 1, 0.00%, 0, 0, 2, 21.72, 1945, 140
97, 0, 0, 18, 18, 1, 0.00%, 0, 0, 2, 21.36, 2053, 141
102, 0, 0, 18, 18, 1, 0.00%, 0, 0, 2, 21.52, 2161, 141
107, 0, 0, 18, 18, 1, 0.00%, 0, 0, 2, 21.73, 2271, 141
112, 0, 0, 18, 18, 1, 0.00%, 0, 0, 2, 21.69, 2380, 141
117, 0, 0, 18, 18, 1, 0.00%, 0, 0, 2, 21.86, 2490, 141
122, 0, 0, 18, 18, 1, 0.00%, 0, 0, 2, 21.70, 2599, 141
127, 0, 0, 18, 18, 1, 0.00%, 0, 0, 2, 21.75, 2709, 141
132, 0, 0, 18, 18, 1, 0.00%, 0, 0, 2, 21.61, 2817, 141
137, 0, 0, 18, 18, 1, 0.00%, 0, 0, 2, 21.75, 2927, 141
142, 0, 0, 18, 18, 1, 0.00%, 0, 0, 2, 21.58, 3036, 141
147, 0, 0, 18, 18, 1, 0.00%, 0, 0, 2, 21.70, 3146, 141
152, 0, 0, 18, 18, 1, 0.00%, 0, 0, 2, 21.55, 3254, 141
157, 0, 0, 18, 18, 1, 0.00%, 0, 0, 2, 21.70, 3364, 141
163, 0, 0, 18, 18, 1, 0.00%, 0, 0, 2, 21.76, 3474, 141
168, 0, 0, 18, 18, 1, 0.00%, 0, 0, 2, 21.74, 3584, 141
173, 0, 0, 18, 18, 1, 0.00%, 0, 0, 2, 21.70, 3693, 141
178, 0, 0, 18, 18, 1, 0.00%, 0, 0, 2, 21.78, 3803, 141
183, 0, 0, 18, 18, 1, 0.00%, 0, 0, 2, 21.82, 3913, 141
188, 0, 0, 18, 18, 1, 0.00%, 0, 0, 2, 21.70, 4023, 141
193, 0, 0, 18, 18, 1, 0.00%, 0, 0, 2, 21.10, 4129, 141
198, 0, 0, 18, 18, 1, 0.00%, 0, 0, 2, 21.58, 4239, 141
203, 0, 0, 18, 18, 1, 0.00%, 0, 0, 2, 21.68, 4349, 141
208, 0, 0, 19, 19, 1, 0.00%, 0, 0, 2, 21.57, 4459, 153
213, 0, 0, 19, 19, 1, 0.00%, 0, 0, 2, 21.64, 4568, 153
218, 0, 0, 19, 19, 1, 0.00%, 0, 0, 2, 21.62, 4678, 153
223, 0, 0, 20, 20, 1, 0.00%, 0, 0, 2, 21.64, 4787, 154
229, 0, 0, 20, 20, 1, 0.00%, 0, 0, 2, 20.51, 4895, 154
234, 0, 0, 20, 20, 1, 0.00%, 0, 0, 2, 20.20, 4997, 154
239, 0, 0, 20, 20, 1, 0.00%, 0, 0, 2, 19.47, 5095, 154
244, 0, 0, 20, 20, 1, 0.00%, 0, 0, 2, 19.30, 5193, 154
249, 0, 0, 20, 20, 1, 0.00%, 0, 0, 2, 20.73, 5303, 154
254, 0, 0, 20, 20, 1, 0.00%, 0, 0, 2, 17.59, 5391, 154
259, 0, 0, 20, 20, 1, 0.00%, 0, 0, 2, 17.74, 5484, 154
265, 0, 0, 20, 20, 1, 0.00%, 0, 0, 2, 18.23, 5579, 154
270, 0, 0, 20, 20, 1, 0.00%, 0, 0, 2, 17.97, 5669, 154
275, 0, 0, 20, 20, 1, 0.00%, 0, 0, 2, 18.51, 5765, 154
280, 0, 0, 20, 20, 1, 0.00%, 0, 0, 2, 18.73, 5861, 154
285, 0, 0, 21, 21, 1, 0.00%, 0, 0, 2, 18.54, 5955, 154
290, 0, 0, 21, 21, 1, 0.00%, 0, 0, 2, 18.52, 6051, 154
295, 0, 0, 21, 21, 1, 0.00%, 0, 0, 2, 17.87, 6143, 154
300, 0, 0, 21, 21, 1, 0.00%, 0, 0, 2, 18.34, 6238, 154
306, 0, 0, 21, 21, 1, 0.00%, 0, 0, 2, 18.78, 6334, 154
311, 0, 0, 21, 21, 1, 0.00%, 0, 0, 2, 18.53, 6430, 154
316, 0, 0, 21, 21, 1, 0.00%, 0, 0, 2, 18.98, 6526, 154
321, 0, 0, 21, 21, 1, 0.00%, 0, 0, 2, 18.69, 6621, 154
326, 0, 0, 22, 22, 1, 0.00%, 0, 0, 2, 18.58, 6719, 155
331, 0, 0, 25, 25, 1, 0.00%, 0, 0, 2, 18.62, 6812, 160
336, 0, 0, 25, 25, 1, 0.00%, 0, 0, 2, 18.63, 6907, 160
342, 0, 0, 25, 25, 1, 0.00%, 0, 0, 2, 18.73, 7003, 160
347, 0, 1, 25, 24, 21, 0.00%, 0, 0, 2, 18.01, 7096, 160
352, 0, 1, 25, 24, 21, 0.00%, 0, 0, 2, 18.72, 7192, 160
357, 0, 1, 26, 25, 21, 0.00%, 0, 0, 3, 18.62, 7287, 162
362, 0, 14, 27, 25, 21, 0.00%, 1, 0, 3, 17.69, 7375, 164
367, 0, 14, 27, 25, 21, 0.00%, 1, 0, 3, 18.66, 7471, 164
372, 0, 14, 28, 26, 21, 0.00%, 1, 0, 3, 18.74, 7565, 164
377, 0, 24, 28, 25, 20, 0.00%, 1, 0, 3, 18.53, 7660, 164
383, 0, 24, 28, 25, 20, 0.00%, 1, 0, 3, 18.64, 7756, 164
388, 0, 24, 28, 25, 20, 0.00%, 1, 0, 3, 18.73, 7852, 164
393, 0, 9, 28, 24, 19, 0.00%, 1, 0, 3, 18.58, 7946, 164
398, 0, 9, 28, 24, 19, 0.00%, 1, 0, 3, 18.66, 8042, 164
403, 0, 16, 29, 24, 18, 0.00%, 1, 0, 3, 18.48, 8135, 164
408, 0, 16, 29, 24, 18, 0.00%, 1, 0, 3, 19.03, 8235, 164
413, 0, 16, 29, 24, 18, 0.00%, 1, 0, 3, 19.16, 8332, 164
418, 0, 2, 29, 23, 17, 0.00%, 1, 0, 3, 18.31, 8425, 164
423, 0, 2, 29, 23, 17, 0.00%, 1, 0, 3, 18.94, 8521, 164
428, 0, 15, 30, 23, 16, 0.00%, 1, 0, 3, 18.95, 8615, 164
433, 0, 15, 30, 23, 16, 0.00%, 1, 0, 3, 18.84, 8711, 164
439, 0, 15, 31, 24, 16, 0.00%, 1, 0, 3, 18.33, 8804, 166
444, 0, 17, 31, 23, 16, 0.00%, 1, 0, 3, 18.03, 8896, 166
449, 0, 17, 31, 23, 16, 0.00%, 1, 0, 3, 17.80, 8988, 166
454, 0, 17, 31, 23, 16, 0.00%, 1, 0, 3, 17.95, 9080, 166
459, 0, 5, 31, 22, 15, 0.00%, 1, 0, 3, 18.14, 9171, 166
464, 0, 5, 32, 23, 15, 0.00%, 1, 0, 3, 18.08, 9262, 166
469, 0, 10, 32, 22, 14, 0.00%, 1, 0, 3, 17.32, 9350, 166
474, 0, 10, 32, 22, 14, 0.00%, 1, 0, 3, 18.03, 9442, 166
479, 0, 10, 32, 22, 14, 0.00%, 1, 0, 3, 20.57, 9550, 166
484, 0, 6, 33, 22, 13, 0.00%, 1, 0, 3, 20.98, 9657, 166
490, 0, 6, 36, 25, 13, 0.00%, 1, 0, 3, 21.06, 9763, 185
495, 0, 6, 37, 26, 13, 0.00%, 1, 0, 3, 21.35, 9872, 185
500, 0, 6, 38, 27, 13, 0.00%, 1, 0, 3, 21.55, 9981, 185
505, 0, 6, 38, 27, 13, 0.00%, 1, 0, 3, 21.52, 10089, 185
510, 0, 6, 39, 28, 13, 0.00%, 1, 0, 3, 21.38, 10200, 186
515, 0, 6, 39, 28, 13, 0.00%, 1, 0, 3, 21.62, 10309, 186
520, 0, 6, 40, 29, 13, 0.00%, 1, 0, 3, 21.45, 10419, 187
526, 0, 6, 41, 30, 13, 0.00%, 1, 0, 3, 21.51, 10529, 187
531, 0, 6, 42, 31, 13, 0.00%, 1, 0, 3, 21.23, 10636, 187
536, 0, 6, 42, 31, 13, 0.00%, 1, 0, 3, 20.89, 10743, 187
541, 0, 6, 42, 31, 13, 0.00%, 1, 0, 3, 20.99, 10851, 187
546, 0, 6, 42, 31, 13, 0.00%, 1, 0, 3, 21.28, 10960, 187
551, 0, 6, 42, 31, 13, 0.00%, 1, 0, 3, 21.10, 11067, 187
556, 0, 6, 42, 31, 13, 0.00%, 1, 0, 3, 21.32, 11177, 187
561, 0, 6, 42, 31, 13, 0.00%, 1, 0, 3, 21.45, 11286, 187
566, 0, 6, 43, 32, 13, 0.00%, 1, 0, 3, 21.25, 11394, 187
572, 0, 35, 44, 32, 12, 0.00%, 1, 0, 4, 20.38, 11496, 188
577, 0, 35, 44, 32, 12, 0.00%, 1, 0, 4, 21.01, 11605, 188
582, 0, 35, 44, 32, 12, 0.00%, 1, 0, 4, 21.40, 11714, 188
587, 0, 43, 44, 31, 13, 0.00%, 1, 0, 4, 21.18, 11821, 188
592, 0, 43, 44, 31, 13, 0.00%, 1, 0, 4, 20.56, 11925, 188
597, 0, 43, 44, 31, 13, 0.00%, 1, 0, 4, 2.26, 12028, 188
598, 0, 23, 44, 30, 12, 0.00%, 1, 0, 4, 13.62, 12038, 188
