# unix_time, cycles_done, cur_path, paths_total, pending_total, pending_favs, map_size, unique_crashes, unique_hangs, max_depth, execs_per_sec
1676170282, 0, 0, 1, 1, 1, 0.14%, 0, 0, 1, 70.80
1676170287, 0, 0, 4, 4, 1, 0.15%, 0, 0, 2, 80.62
1676170302, 0, 0, 7, 7, 1, 0.18%, 0, 0, 2, 81.24
1676170308, 0, 0, 9, 9, 1, 0.24%, 0, 0, 2, 79.21
1676170313, 0, 0, 10, 10, 1, 0.28%, 0, 0, 2, 82.02
1676170328, 0, 0, 11, 11, 1, 0.29%, 0, 0, 2, 76.78
1676170333, 0, 0, 14, 14, 1, 0.30%, 0, 0, 2, 81.16
1676170344, 0, 0, 15, 15, 1, 0.34%, 0, 0, 2, 81.89
1676170457, 0, 0, 16, 16, 1, 0.35%, 0, 0, 2, 78.53
1676170498, 0, 15, 17, 16, 10, 0.35%, 0, 0, 2, 79.62
1676170508, 0, 15, 18, 17, 10, 0.35%, 0, 0, 3, 83.61
1676170518, 0, 15, 23, 22, 10, 0.35%, 0, 0, 3, 80.01
1676170524, 0, 15, 26, 25, 10, 0.35%, 0, 0, 3, 81.74
1676170529, 0, 15, 27, 26, 10, 0.36%, 0, 0, 3, 83.66
1676170534, 0, 15, 28, 27, 10, 0.36%, 0, 0, 3, 83.39
1676170544, 0, 15, 29, 28, 10, 0.36%, 0, 0, 3, 78.14
1676170549, 0, 15, 30, 29, 10, 0.36%, 0, 0, 3, 78.54
1676170559, 0, 15, 31, 30, 10, 0.36%, 0, 0, 3, 82.60
1676170570, 0, 15, 32, 31, 10, 0.36%, 0, 0, 3, 82.55
1676170585, 0, 15, 33, 32, 10, 0.36%, 0, 0, 3, 78.76
1676170590, 0, 15, 34, 33, 10, 0.37%, 1, 0, 3, 79.52
1676170616, 0, 15, 35, 34, 10, 0.37%, 1, 0, 3, 55.01
1676170626, 0, 15, 36, 35, 10, 0.37%, 1, 0, 3, 77.87
1676170636, 0, 15, 37, 36, 10, 0.37%, 1, 0, 3, 82.36
1676170693, 0, 15, 38, 37, 10, 0.37%, 1, 0, 3, 81.67
1676170714, 0, 15, 39, 38, 10, 0.37%, 1, 0, 3, 78.90
1676170724, 0, 36, 40, 38, 14, 0.37%, 1, 0, 4, 77.35
