# relative_time, cycles_done, cur_item, corpus_count, pending_total, pending_favs, map_size, saved_crashes, saved_hangs, max_depth, execs_per_sec, total_execs, edges_found
61, 0, 0, 12, 12, 1, 0.00%, 0, 0, 2, 24.58, 1495, 102
66, 0, 0, 12, 12, 1, 0.00%, 0, 0, 2, 24.71, 1621, 102
71, 0, 0, 14, 14, 1, 0.00%, 0, 0, 2, 24.37, 1750, 116
76, 0, 0, 14, 14, 1, 0.00%, 0, 0, 2, 24.46, 1875, 116
82, 0, 0, 15, 15, 1, 0.00%, 0, 0, 2, 24.15, 2005, 117
87, 0, 0, 15, 15, 1, 0.00%, 0, 0, 2, 24.63, 2130, 117
92, 0, 0, 15, 15, 1, 0.00%, 0, 0, 2, 24.70, 2259, 117
97, 0, 0, 15, 15, 1, 0.00%, 0, 0, 2, 24.66, 2384, 117
102, 0, 0, 15, 15, 1, 0.00%, 0, 0, 2, 24.72, 2510, 117
107, 0, 0, 16, 16, 1, 0.00%, 0, 0, 2, 24.51, 2632, 118
112, 0, 0, 16, 16, 1, 0.00%, 0, 0, 2, 24.74, 2759, 118
117, 0, 0, 16, 16, 1, 0.00%, 0, 0, 2, 24.63, 2884, 118
123, 0, 0, 17, 17, 1, 0.00%, 0, 0, 2, 24.54, 3008, 119
128, 0, 0, 18, 18, 1, 0.00%, 0, 0, 2, 24.51, 3135, 120
133, 0, 0, 18, 18, 1, 0.00%, 0, 0, 2, 24.50, 3260, 120
138, 0, 0, 18, 18, 1, 0.00%, 0, 0, 2, 24.56, 3385, 120
143, 0, 0, 18, 18, 1, 0.00%, 0, 0, 2, 24.82, 3512, 120
148, 0, 0, 18, 18, 1, 0.00%, 0, 0, 2, 24.59, 3638, 120
153, 0, 0, 18, 18, 1, 0.00%, 0, 0, 2, 24.21, 3763, 120
158, 0, 0, 18, 18, 1, 0.00%, 0, 0, 2, 24.61, 3888, 120
164, 0, 0, 18, 18, 1, 0.00%, 0, 0, 2, 24.59, 4013, 120
169, 0, 0, 19, 19, 1, 0.00%, 0, 0, 2, 24.33, 4134, 121
174, 0, 0, 19, 19, 1, 0.00%, 0, 0, 2, 24.59, 4259, 121
179, 0, 0, 19, 19, 1, 0.00%, 0, 0, 2, 24.65, 4384, 121
184, 0, 0, 19, 19, 1, 0.00%, 0, 0, 2, 24.50, 4509, 121
189, 0, 0, 19, 19, 1, 0.00%, 0, 0, 2, 24.63, 4634, 121
194, 0, 0, 20, 20, 1, 0.00%, 0, 0, 2, 24.27, 4756, 122
199, 0, 0, 21, 21, 1, 0.00%, 0, 0, 2, 24.53, 4878, 123
204, 0, 0, 21, 21, 1, 0.00%, 0, 0, 2, 24.62, 5003, 123
209, 0, 0, 21, 21, 1, 0.00%, 0, 0, 2, 24.68, 5127, 123
214, 0, 0, 21, 21, 1, 0.00%, 0, 0, 2, 24.43, 5252, 123
219, 0, 0, 21, 21, 1, 0.00%, 0, 0, 2, 24.52, 5377, 123
225, 0, 0, 22, 22, 1, 0.00%, 0, 0, 2, 24.32, 5510, 125
230, 0, 0, 22, 22, 1, 0.00%, 0, 0, 2, 24.41, 5635, 125
235, 0, 0, 22, 22, 1, 0.00%, 0, 0, 2, 24.46, 5761, 125
240, 0, 0, 22, 22, 1, 0.00%, 0, 0, 2, 24.20, 5885, 125
245, 0, 0, 22, 22, 1, 0.00%, 0, 0, 2, 24.31, 6009, 125
251, 0, 0, 22, 22, 1, 0.00%, 0, 0, 2, 24.28, 6134, 125
256, 0, 0, 22, 22, 1, 0.00%, 0, 0, 2, 24.51, 6259, 125
261, 0, 0, 22, 22, 1, 0.00%, 0, 0, 2, 24.62, 6384, 125
266, 0, 0, 23, 23, 1, 0.00%, 0, 0, 2, 24.24, 6504, 125
271, 0, 0, 23, 23, 1, 0.00%, 0, 0, 2, 24.22, 6629, 125
276, 0, 0, 24, 24, 1, 0.00%, 0, 0, 2, 24.35, 6752, 126
281, 0, 0, 28, 28, 1, 0.00%, 0, 0, 2, 24.19, 6870, 127
286, 0, 0, 32, 32, 1, 0.00%, 0, 0, 2, 23.88, 6990, 127
291, 0, 0, 33, 33, 1, 0.00%, 0, 0, 2, 24.31, 7116, 127
296, 0, 0, 35, 35, 1, 0.00%, 0, 0, 2, 24.24, 7235, 127
301, 0, 0, 37, 37, 1, 0.00%, 0, 0, 2, 24.08, 7355, 127
307, 0, 0, 38, 38, 1, 0.00%, 0, 0, 2, 24.43, 7480, 127
312, 0, 0, 41, 41, 1, 0.00%, 0, 0, 2, 23.95, 7599, 127
317, 0, 0, 43, 43, 1, 0.00%, 0, 0, 2, 24.17, 7719, 129
322, 0, 0, 45, 45, 1, 0.00%, 0, 0, 2, 24.10, 7843, 130
327, 0, 0, 45, 45, 1, 0.00%, 0, 0, 2, 24.37, 7968, 130
332, 0, 0, 46, 46, 1, 0.00%, 0, 0, 2, 24.78, 8094, 131
337, 0, 0, 46, 46, 1, 0.00%, 0, 0, 2, 24.63, 8222, 131
342, 0, 0, 47, 47, 1, 0.00%, 0, 0, 2, 24.27, 8342, 132
347, 0, 0, 47, 47, 1, 0.00%, 0, 0, 2, 24.71, 8469, 132
353, 0, 0, 47, 47, 1, 0.00%, 0, 0, 2, 24.48, 8594, 132
358, 0, 24, 47, 45, 16, 0.00%, 0, 0, 2, 24.31, 8714, 132
363, 0, 24, 48, 46, 16, 0.00%, 0, 0, 3, 24.07, 8837, 133
368, 0, 13, 48, 45, 16, 0.00%, 0, 0, 3, 24.17, 8961, 133
373, 0, 13, 48, 45, 16, 0.00%, 0, 0, 3, 24.36, 9086, 133
378, 0, 14, 49, 45, 17, 0.00%, 0, 0, 3, 24.11, 9206, 135
383, 0, 14, 51, 47, 17, 0.00%, 0, 0, 3, 24.04, 9326, 137
388, 0, 49, 51, 46, 17, 0.00%, 0, 0, 3, 23.78, 9450, 137
394, 0, 49, 54, 49, 17, 0.00%, 0, 0, 4, 24.01, 9576, 137
399, 0, 49, 55, 50, 17, 0.00%, 0, 0, 4, 24.34, 9699, 137
404, 0, 49, 56, 51, 17, 0.00%, 0, 0, 4, 24.69, 9826, 137
409, 0, 49, 57, 52, 17, 0.00%, 0, 0, 4, 24.65, 9949, 137
414, 0, 49, 58, 53, 17, 0.00%, 0, 0, 4, 24.22, 10071, 137
419, 0, 49, 58, 53, 17, 0.00%, 0, 0, 4, 24.47, 10196, 137
424, 0, 49, 59, 54, 17, 0.00%, 0, 0, 4, 24.35, 10318, 137
429, 0, 49, 60, 55, 17, 0.00%, 0, 0, 4, 24.10, 10440, 137
434, 0, 49, 62, 57, 17, 0.00%, 0, 0, 4, 24.03, 10561, 137
440, 0, 49, 62, 57, 17, 0.00%, 0, 0, 4, 24.44, 10686, 137
445, 0, 49, 63, 58, 17, 0.00%, 0, 0, 4, 24.39, 10811, 137
450, 0, 49, 63, 58, 17, 0.00%, 0, 0, 4, 24.29, 10936, 137
455, 0, 49, 63, 58, 17, 0.00%, 0, 0, 4, 24.42, 11061, 137
460, 0, 49, 63, 58, 17, 0.00%, 0, 0, 4, 24.28, 11186, 137
465, 0, 49, 63, 58, 17, 0.00%, 0, 0, 4, 24.44, 11311, 137
470, 0, 49, 64, 59, 17, 0.00%, 0, 0, 4, 24.27, 11436, 137
476, 0, 49, 64, 59, 17, 0.00%, 0, 0, 4, 24.39, 11561, 137
481, 0, 49, 65, 60, 17, 0.00%, 0, 0, 4, 23.92, 11690, 137
486, 0, 49, 66, 61, 17, 0.00%, 0, 0, 4, 24.20, 11814, 137
491, 0, 49, 66, 61, 17, 0.00%, 0, 0, 4, 24.31, 11939, 137
496, 0, 49, 66, 61, 17, 0.00%, 0, 0, 4, 24.43, 12064, 137
501, 0, 49, 66, 61, 17, 0.00%, 0, 0, 4, 24.41, 12189, 137
507, 0, 49, 66, 61, 17, 0.00%, 0, 0, 4, 24.36, 12314, 137
512, 0, 49, 66, 61, 17, 0.00%, 0, 0, 4, 24.34, 12439, 137
517, 0, 49, 66, 61, 17, 0.00%, 0, 0, 4, 24.44, 12564, 137
522, 0, 49, 66, 61, 17, 0.00%, 0, 0, 4, 24.53, 12690, 137
527, 0, 49, 66, 61, 17, 0.00%, 0, 0, 4, 24.53, 12815, 137
532, 0, 49, 66, 61, 17, 0.00%, 0, 0, 4, 24.50, 12940, 137
537, 0, 49, 66, 61, 17, 0.00%, 0, 0, 4, 24.50, 13065, 137
542, 0, 49, 67, 62, 17, 0.00%, 0, 0, 4, 24.32, 13188, 137
547, 0, 49, 67, 62, 17, 0.00%, 0, 0, 4, 24.57, 13313, 137
553, 0, 49, 68, 63, 17, 0.00%, 0, 0, 4, 24.44, 13439, 137
558, 0, 49, 69, 64, 17, 0.00%, 0, 0, 4, 24.46, 13562, 139
563, 0, 49, 69, 64, 17, 0.00%, 0, 0, 4, 24.58, 13687, 139
568, 0, 49, 69, 64, 17, 0.00%, 0, 0, 4, 24.73, 13812, 139
573, 0, 49, 70, 65, 17, 0.00%, 0, 0, 4, 24.31, 13935, 139
578, 0, 49, 70, 65, 17, 0.00%, 0, 0, 4, 24.50, 14060, 139
583, 0, 49, 70, 65, 17, 0.00%, 0, 0, 4, 24.55, 14185, 139
588, 0, 49, 70, 65, 17, 0.00%, 0, 0, 4, 24.46, 14310, 139
593, 0, 49, 70, 65, 17, 0.00%, 0, 0, 4, 24.58, 14435, 139
598, 0, 49, 71, 66, 17, 0.00%, 0, 0, 4, 24.38, 14548, 139
