# unix_time, cycles_done, cur_path, paths_total, pending_total, pending_favs, map_size, unique_crashes, unique_hangs, max_depth, execs_per_sec
1676166081, 0, 0, 1, 1, 1, 0.10%, 0, 0, 1, 39.41
1676166086, 0, 0, 4, 4, 1, 0.12%, 0, 0, 2, 44.44
1676166111, 0, 2, 4, 3, 2, 0.12%, 0, 0, 2, 45.43
1676166142, 0, 3, 5, 3, 1, 0.13%, 0, 0, 3, 44.58
1676166157, 0, 3, 6, 4, 1, 0.15%, 0, 0, 3, 44.50
1676166162, 0, 3, 11, 9, 1, 0.21%, 0, 0, 3, 44.61
1676166168, 0, 3, 12, 10, 1, 0.21%, 0, 0, 3, 41.85
1676166173, 0, 3, 14, 12, 1, 0.21%, 0, 0, 3, 43.22
1676166183, 0, 3, 15, 13, 1, 0.23%, 0, 0, 3, 43.83
1676166188, 0, 3, 16, 14, 1, 0.23%, 0, 0, 3, 43.08
1676166193, 0, 3, 18, 16, 1, 0.23%, 0, 0, 3, 43.49
1676166213, 0, 3, 19, 17, 1, 0.24%, 0, 0, 3, 54.87
1676166310, 0, 16, 19, 16, 10, 0.24%, 0, 0, 3, 43.54
1676166325, 0, 16, 20, 17, 10, 0.24%, 0, 0, 4, 42.65
1676166335, 0, 16, 22, 19, 10, 0.24%, 0, 0, 4, 41.77
1676166350, 0, 16, 23, 20, 10, 0.24%, 0, 0, 4, 41.63
1676166356, 0, 16, 25, 22, 10, 0.24%, 0, 0, 4, 41.76
1676166366, 0, 16, 26, 23, 10, 0.24%, 0, 0, 4, 41.13
1676166386, 0, 16, 27, 24, 10, 0.24%, 0, 0, 4, 42.28
1676166391, 0, 16, 28, 25, 10, 0.24%, 0, 0, 4, 41.09
1676166401, 0, 16, 29, 26, 10, 0.24%, 0, 0, 4, 40.89
1676166407, 0, 16, 30, 27, 10, 0.24%, 0, 0, 4, 40.80
1676166458, 0, 16, 31, 28, 10, 0.24%, 0, 0, 4, 37.61
1676166468, 0, 16, 32, 29, 10, 0.24%, 0, 0, 4, 36.90
1676166514, 0, 16, 33, 30, 10, 0.25%, 0, 0, 4, 34.78
1676166519, 0, 32, 33, 29, 12, 0.25%, 0, 0, 4, 34.84
