# unix_time, cycles_done, cur_path, paths_total, pending_total, pending_favs, map_size, unique_crashes, unique_hangs, max_depth, execs_per_sec
1676032166, 0, 0, 1, 1, 1, 0.10%, 0, 0, 1, 76.92
1676032172, 0, 0, 4, 4, 1, 0.12%, 0, 0, 2, 92.08
1676032182, 0, 0, 5, 5, 1, 0.18%, 0, 0, 2, 94.96
1676032187, 0, 0, 10, 10, 1, 0.19%, 0, 0, 2, 95.42
1676032192, 0, 0, 11, 11, 1, 0.20%, 0, 0, 2, 100.60
1676032197, 0, 0, 13, 13, 1, 0.22%, 0, 0, 2, 108.41
1676032202, 0, 0, 14, 14, 1, 0.22%, 0, 0, 2, 99.98
1676032212, 0, 0, 15, 15, 1, 0.22%, 0, 0, 2, 98.13
1676032223, 0, 0, 16, 16, 1, 0.22%, 0, 0, 2, 97.35
1676032233, 0, 0, 17, 17, 1, 0.22%, 0, 0, 2, 97.64
1676032253, 0, 0, 18, 18, 1, 0.22%, 0, 0, 2, 97.16
1676032259, 0, 0, 19, 19, 1, 0.22%, 0, 0, 2, 97.72
1676032289, 0, 0, 20, 20, 1, 0.23%, 0, 0, 2, 98.09
1676032350, 0, 0, 21, 21, 1, 0.23%, 0, 0, 2, 98.31
1676032391, 0, 0, 22, 22, 1, 0.23%, 0, 0, 2, 99.72
1676032416, 0, 0, 23, 23, 1, 0.23%, 0, 0, 2, 99.20
1676032513, 0, 18, 23, 22, 11, 0.23%, 0, 0, 2, 97.29
1676032518, 0, 18, 25, 24, 11, 0.23%, 0, 0, 3, 95.21
1676032523, 0, 18, 27, 26, 11, 0.23%, 0, 0, 3, 94.46
1676032528, 0, 18, 29, 28, 11, 0.23%, 1, 0, 3, 94.38
1676032543, 0, 18, 30, 29, 11, 0.23%, 1, 0, 3, 94.13
1676032553, 0, 18, 31, 30, 11, 0.23%, 1, 0, 3, 94.05
1676032558, 0, 18, 33, 32, 11, 0.23%, 1, 0, 3, 93.52
1676032568, 0, 18, 34, 33, 11, 0.23%, 1, 0, 3, 93.86
1676032578, 0, 18, 35, 34, 11, 0.23%, 1, 0, 3, 93.75
1676032604, 0, 18, 36, 35, 11, 0.23%, 1, 0, 3, 93.41
1676032619, 0, 18, 37, 36, 11, 0.23%, 1, 0, 3, 93.25
