# unix_time, cycles_done, cur_path, paths_total, pending_total, pending_favs, map_size, unique_crashes, unique_hangs, max_depth, execs_per_sec
1676158328, 0, 0, 1, 1, 1, 0.11%, 0, 0, 1, 27.78
1676158333, 0, 0, 2, 2, 1, 0.11%, 0, 0, 2, 31.22
1676158338, 0, 0, 3, 3, 1, 0.11%, 0, 0, 2, 33.11
1676158369, 0, 0, 6, 6, 1, 0.13%, 0, 0, 2, 38.41
1676158374, 0, 0, 7, 7, 1, 0.13%, 0, 0, 2, 35.52
1676158379, 0, 0, 8, 8, 1, 0.15%, 0, 0, 2, 35.57
1676158389, 0, 0, 9, 9, 1, 0.15%, 0, 0, 2, 35.11
1676158394, 0, 0, 12, 12, 1, 0.17%, 0, 0, 2, 35.42
1676158399, 0, 0, 13, 13, 1, 0.17%, 0, 0, 2, 35.08
1676158410, 0, 0, 14, 14, 1, 0.17%, 0, 0, 2, 45.75
1676158420, 0, 0, 16, 16, 1, 0.17%, 0, 0, 2, 35.79
1676158436, 0, 0, 17, 17, 1, 0.17%, 0, 0, 2, 35.13
1676158446, 0, 0, 18, 18, 1, 0.18%, 0, 0, 2, 35.67
1676158466, 0, 0, 19, 19, 1, 0.18%, 0, 0, 2, 36.32
1676158492, 0, 0, 20, 20, 1, 0.18%, 0, 0, 2, 33.61
1676158523, 0, 0, 21, 21, 1, 0.18%, 0, 0, 2, 35.20
1676158554, 0, 15, 22, 21, 11, 0.18%, 0, 0, 2, 35.32
1676158559, 0, 15, 23, 22, 11, 0.18%, 0, 0, 3, 34.43
1676158569, 0, 15, 24, 23, 11, 0.18%, 0, 0, 3, 34.83
1676158584, 0, 15, 25, 24, 11, 0.18%, 0, 0, 3, 34.01
1676158748, 0, 15, 32, 31, 11, 0.18%, 0, 0, 3, 33.89
1676158753, 0, 15, 36, 35, 11, 0.18%, 0, 0, 3, 35.05
1676158763, 0, 15, 40, 39, 11, 0.18%, 0, 0, 3, 34.02
1676158769, 0, 15, 41, 40, 11, 0.18%, 0, 0, 3, 34.37
1676158774, 0, 15, 42, 41, 11, 0.18%, 0, 0, 3, 35.25
1676158779, 0, 15, 43, 42, 11, 0.18%, 0, 0, 3, 35.36
1676158794, 0, 15, 44, 43, 11, 0.18%, 0, 0, 3, 28.52
1676158815, 0, 15, 45, 44, 11, 0.18%, 0, 0, 3, 31.86
1676158825, 0, 15, 46, 45, 11, 0.18%, 0, 0, 3, 35.98
1676158835, 0, 15, 47, 46, 11, 0.18%, 0, 0, 3, 32.52
1676158840, 0, 15, 48, 47, 11, 0.18%, 0, 0, 3, 34.62
1676158908, 0, 15, 49, 48, 11, 0.18%, 0, 0, 3, 31.32
