# relative_time, cycles_done, cur_item, corpus_count, pending_total, pending_favs, map_size, saved_crashes, saved_hangs, max_depth, execs_per_sec, total_execs, edges_found
61, 0, 0, 11, 11, 1, 0.00%, 0, 0, 2, 16.76, 1213, 142
66, 0, 0, 11, 11, 1, 0.00%, 0, 0, 2, 16.21, 1293, 142
71, 0, 0, 11, 11, 1, 0.00%, 0, 0, 2, 18.37, 1389, 142
76, 0, 0, 11, 11, 1, 0.00%, 0, 0, 2, 19.48, 1488, 142
82, 0, 0, 11, 11, 1, 0.00%, 0, 0, 2, 21.15, 1600, 142
87, 0, 0, 11, 11, 1, 0.00%, 0, 0, 2, 21.38, 1712, 142
92, 0, 0, 13, 13, 1, 0.00%, 0, 0, 2, 21.15, 1819, 144
97, 0, 0, 13, 13, 1, 0.00%, 0, 0, 2, 21.80, 1929, 144
102, 0, 0, 13, 13, 1, 0.00%, 0, 0, 2, 22.07, 2043, 144
107, 0, 0, 13, 13, 1, 0.00%, 0, 0, 2, 22.44, 2158, 144
112, 0, 0, 13, 13, 1, 0.00%, 0, 0, 2, 22.55, 2273, 144
117, 0, 0, 13, 13, 1, 0.00%, 0, 0, 2, 22.45, 2388, 144
122, 0, 0, 14, 14, 1, 0.00%, 0, 0, 2, 22.24, 2498, 145
128, 0, 0, 14, 14, 1, 0.00%, 0, 0, 2, 22.23, 2613, 145
133, 0, 0, 14, 14, 1, 0.00%, 0, 0, 2, 22.32, 2728, 145
138, 0, 0, 14, 14, 1, 0.00%, 0, 0, 2, 3.06, 2829, 145
143, 0, 0, 14, 14, 1, 0.00%, 0, 0, 2, 19.02, 2928, 145
148, 0, 0, 14, 14, 1, 0.00%, 0, 0, 2, 20.56, 3035, 145
153, 0, 0, 14, 14, 1, 0.00%, 0, 0, 2, 21.92, 3150, 145
158, 0, 0, 14, 14, 1, 0.00%, 0, 0, 2, 21.39, 3259, 145
163, 0, 0, 16, 16, 1, 0.00%, 0, 0, 2, 19.03, 3346, 146
168, 0, 0, 21, 21, 1, 0.00%, 0, 0, 2, 20.23, 3448, 154
174, 0, 0, 22, 22, 1, 0.00%, 0, 0, 2, 21.61, 3559, 158
179, 0, 0, 22, 22, 1, 0.00%, 0, 0, 2, 22.26, 3674, 158
184, 0, 0, 23, 23, 1, 0.00%, 0, 0, 2, 21.89, 3786, 161
189, 0, 0, 24, 24, 1, 0.00%, 0, 0, 2, 22.07, 3899, 162
194, 0, 0, 24, 24, 1, 0.00%, 0, 0, 2, 22.21, 4014, 162
199, 0, 0, 24, 24, 1, 0.00%, 0, 0, 2, 21.38, 4119, 162
204, 0, 0, 24, 24, 1, 0.00%, 0, 0, 2, 22.21, 4234, 162
210, 0, 0, 24, 24, 1, 0.00%, 0, 0, 2, 21.56, 4347, 162
215, 0, 0, 24, 24, 1, 0.00%, 0, 0, 2, 22.19, 4462, 162
220, 0, 0, 24, 24, 1, 0.00%, 0, 0, 2, 22.27, 4576, 162
225, 0, 0, 24, 24, 1, 0.00%, 0, 0, 2, 22.34, 4691, 162
230, 0, 0, 24, 24, 1, 0.00%, 0, 0, 2, 22.32, 4805, 162
235, 0, 0, 24, 24, 1, 0.00%, 0, 0, 2, 22.50, 4920, 162
240, 0, 0, 24, 24, 1, 0.00%, 0, 0, 2, 22.19, 5034, 162
245, 0, 4, 25, 24, 21, 0.00%, 1, 0, 2, 21.60, 5143, 164
251, 0, 4, 25, 24, 21, 0.00%, 1, 0, 2, 22.04, 5257, 164
256, 0, 4, 28, 27, 21, 0.00%, 1, 0, 3, 21.51, 5368, 166
261, 0, 11, 28, 26, 20, 0.00%, 1, 0, 3, 21.77, 5477, 166
266, 0, 11, 28, 26, 20, 0.00%, 1, 0, 3, 22.27, 5592, 166
271, 0, 18, 28, 24, 18, 0.00%, 1, 0, 3, 22.06, 5706, 166
276, 0, 18, 28, 24, 18, 0.00%, 1, 0, 3, 22.32, 5821, 166
282, 0, 12, 28, 23, 17, 0.00%, 1, 0, 3, 22.06, 5936, 166
287, 0, 12, 28, 23, 17, 0.00%, 1, 0, 3, 22.21, 6051, 166
292, 0, 17, 28, 22, 16, 0.00%, 1, 0, 3, 21.90, 6164, 166
297, 0, 17, 28, 22, 16, 0.00%, 1, 0, 3, 22.15, 6279, 166
302, 0, 24, 28, 21, 15, 0.00%, 1, 0, 3, 21.66, 6387, 166
307, 0, 24, 28, 21, 15, 0.00%, 1, 0, 3, 22.10, 6502, 166
312, 0, 22, 28, 20, 14, 0.00%, 1, 0, 3, 21.67, 6611, 166
318, 0, 22, 28, 20, 14, 0.00%, 1, 0, 3, 22.06, 6726, 166
323, 0, 5, 28, 19, 13, 0.00%, 1, 0, 3, 21.88, 6836, 166
328, 0, 5, 28, 19, 13, 0.00%, 1, 0, 3, 22.19, 6951, 166
333, 0, 10, 28, 18, 12, 0.00%, 1, 0, 3, 22.34, 7068, 166
338, 0, 10, 31, 21, 12, 0.00%, 1, 0, 3, 20.96, 7170, 179
343, 0, 10, 31, 21, 12, 0.00%, 1, 0, 3, 21.76, 7284, 179
349, 0, 29, 31, 19, 10, 0.00%, 1, 0, 3, 21.69, 7397, 179
354, 0, 29, 31, 19, 10, 0.00%, 1, 0, 3, 21.87, 7510, 179
359, 0, 29, 31, 19, 10, 0.00%, 1, 0, 3, 22.04, 7625, 179
364, 0, 21, 31, 18, 9, 0.00%, 1, 0, 3, 21.41, 7734, 179
369, 0, 21, 31, 18, 9, 0.00%, 1, 0, 3, 21.94, 7849, 179
374, 0, 1, 31, 17, 8, 0.00%, 1, 0, 3, 21.77, 7958, 179
380, 0, 1, 31, 17, 8, 0.00%, 1, 0, 3, 22.01, 8073, 179
385, 0, 7, 31, 16, 7, 0.00%, 1, 0, 3, 21.97, 8183, 179
390, 0, 9, 31, 15, 6, 0.00%, 1, 0, 3, 21.67, 8298, 179
395, 0, 9, 31, 15, 6, 0.00%, 1, 0, 3, 21.88, 8412, 179
400, 0, 23, 31, 14, 5, 0.00%, 1, 0, 3, 21.32, 8520, 179
405, 0, 23, 31, 14, 5, 0.00%, 1, 0, 3, 22.25, 8636, 179
410, 0, 8, 31, 13, 4, 0.00%, 1, 0, 3, 21.67, 8746, 179
416, 0, 8, 31, 13, 4, 0.00%, 1, 0, 3, 21.91, 8860, 179
421, 0, 20, 31, 12, 3, 0.00%, 1, 0, 3, 21.48, 8968, 179
426, 0, 20, 31, 12, 3, 0.00%, 1, 0, 3, 21.86, 9082, 179
431, 0, 20, 31, 12, 3, 0.00%, 1, 0, 3, 21.49, 9190, 179
436, 0, 15, 31, 11, 2, 0.00%, 1, 0, 3, 21.50, 9296, 179
441, 0, 13, 31, 10, 1, 0.00%, 1, 0, 3, 21.46, 9405, 179
446, 0, 13, 31, 10, 1, 0.00%, 1, 0, 3, 21.68, 9514, 179
451, 0, 13, 32, 11, 1, 0.00%, 1, 0, 3, 21.68, 9624, 179
456, 0, 7, 32, 10, 0, 0.00%, 1, 0, 3, 22.03, 9739, 179
461, 0, 7, 32, 10, 0, 0.00%, 1, 0, 3, 21.36, 9846, 179
466, 0, 8, 32, 10, 0, 0.00%, 1, 0, 3, 21.29, 9953, 179
472, 0, 8, 32, 10, 0, 0.00%, 1, 0, 3, 21.92, 10068, 179
477, 0, 8, 32, 10, 0, 0.00%, 1, 0, 3, 21.98, 10178, 179
482, 0, 10, 32, 10, 0, 0.00%, 1, 0, 3, 21.72, 10287, 179
487, 0, 10, 32, 10, 0, 0.00%, 1, 0, 3, 21.88, 10397, 179
492, 0, 11, 33, 11, 0, 0.00%, 1, 0, 3, 21.96, 10509, 179
497, 0, 11, 34, 12, 0, 0.00%, 1, 0, 3, 20.68, 10614, 179
502, 0, 10, 34, 12, 0, 0.00%, 1, 0, 3, 21.26, 10723, 179
507, 0, 10, 34, 12, 0, 0.00%, 1, 0, 3, 13.94, 10815, 179
512, 0, 10, 34, 12, 0, 0.00%, 1, 0, 3, 19.09, 10920, 179
517, 0, 6, 35, 13, 0, 0.00%, 1, 0, 3, 20.65, 11032, 180
523, 0, 34, 36, 14, 1, 0.00%, 1, 0, 4, 21.16, 11144, 183
528, 0, 34, 37, 15, 1, 0.00%, 1, 0, 4, 20.63, 11246, 183
533, 0, 34, 37, 15, 1, 0.00%, 2, 0, 4, 20.38, 11347, 183
538, 0, 9, 37, 14, 1, 0.00%, 2, 0, 4, 16.06, 11422, 183
543, 0, 9, 37, 14, 1, 0.00%, 2, 0, 4, 18.57, 11519, 183
548, 0, 7, 37, 14, 1, 0.00%, 2, 0, 4, 18.09, 11608, 183
553, 0, 7, 37, 14, 1, 0.00%, 2, 0, 4, 18.56, 11703, 183
558, 0, 7, 38, 15, 1, 0.00%, 2, 0, 4, 19.48, 11803, 184
563, 0, 25, 38, 15, 2, 0.00%, 2, 0, 4, 14.16, 11872, 184
569, 0, 25, 38, 15, 2, 0.00%, 2, 0, 4, 16.39, 11949, 184
574, 0, 25, 38, 15, 2, 0.00%, 2, 0, 4, 20.35, 12059, 184
579, 0, 35, 40, 16, 2, 0.00%, 2, 0, 5, 20.94, 12166, 187
584, 0, 35, 40, 16, 2, 0.00%, 2, 0, 5, 21.38, 12275, 187
589, 0, 35, 40, 16, 2, 0.00%, 2, 0, 5, 20.08, 12374, 187
594, 0, 35, 40, 16, 2, 0.00%, 2, 0, 5, 20.22, 12474, 187
598, 0, 37, 40, 15, 3, 0.00%, 2, 0, 5, 19.99, 12551, 187
