# relative_time, cycles_done, cur_item, corpus_count, pending_total, pending_favs, map_size, saved_crashes, saved_hangs, max_depth, execs_per_sec, total_execs, edges_found
62, 0, 0, 10, 10, 1, 0.00%, 0, 0, 2, 11.37, 886, 88
68, 0, 0, 12, 12, 1, 0.00%, 0, 0, 2, 13.03, 959, 95
73, 0, 0, 12, 12, 1, 0.00%, 0, 0, 2, 14.47, 1036, 95
78, 0, 0, 12, 12, 1, 0.00%, 0, 0, 2, 15.30, 1116, 95
83, 0, 0, 12, 12, 1, 0.00%, 0, 0, 2, 15.54, 1196, 95
88, 0, 0, 12, 12, 1, 0.00%, 0, 0, 2, 15.69, 1276, 95
93, 0, 0, 12, 12, 1, 0.00%, 0, 0, 2, 16.01, 1357, 95
98, 0, 0, 12, 12, 1, 0.00%, 0, 0, 2, 15.92, 1439, 95
103, 0, 0, 12, 12, 1, 0.00%, 0, 0, 2, 16.14, 1522, 95
109, 0, 0, 12, 12, 1, 0.00%, 0, 0, 2, 16.03, 1605, 95
114, 0, 0, 12, 12, 1, 0.00%, 0, 0, 2, 16.17, 1689, 95
119, 0, 0, 13, 13, 1, 0.00%, 0, 0, 2, 16.11, 1770, 96
124, 0, 0, 13, 13, 1, 0.00%, 0, 0, 2, 16.21, 1855, 96
129, 0, 0, 13, 13, 1, 0.00%, 0, 0, 2, 16.12, 1938, 96
134, 0, 0, 13, 13, 1, 0.00%, 0, 0, 2, 16.29, 2020, 96
139, 0, 0, 13, 13, 1, 0.00%, 0, 0, 2, 16.03, 2102, 96
145, 0, 0, 13, 13, 1, 0.00%, 0, 0, 2, 16.16, 2185, 96
150, 0, 0, 13, 13, 1, 0.00%, 0, 0, 2, 15.87, 2268, 96
155, 0, 0, 13, 13, 1, 0.00%, 0, 0, 2, 16.06, 2353, 96
160, 0, 0, 15, 15, 1, 0.00%, 0, 0, 2, 15.20, 2433, 98
166, 0, 0, 15, 15, 1, 0.00%, 0, 0, 2, 15.53, 2515, 98
171, 0, 0, 15, 15, 1, 0.00%, 0, 0, 2, 16.06, 2599, 98
176, 0, 0, 15, 15, 1, 0.00%, 0, 0, 2, 15.63, 2679, 98
181, 0, 0, 15, 15, 1, 0.00%, 0, 0, 2, 15.95, 2762, 98
186, 0, 0, 15, 15, 1, 0.00%, 0, 0, 2, 16.29, 2846, 98
191, 0, 0, 15, 15, 1, 0.00%, 0, 0, 2, 16.06, 2930, 98
197, 0, 0, 15, 15, 1, 0.00%, 0, 0, 2, 16.37, 3013, 98
202, 0, 0, 15, 15, 1, 0.00%, 0, 0, 2, 15.24, 3087, 98
207, 0, 0, 15, 15, 1, 0.00%, 0, 0, 2, 15.79, 3169, 98
212, 0, 0, 16, 16, 1, 0.00%, 0, 0, 2, 15.87, 3250, 98
217, 0, 0, 17, 17, 1, 0.00%, 0, 0, 2, 16.09, 3339, 101
223, 0, 0, 22, 22, 1, 0.00%, 0, 0, 2, 15.20, 3418, 102
229, 0, 0, 26, 26, 1, 0.00%, 0, 0, 2, 15.33, 3502, 104
234, 0, 0, 28, 28, 1, 0.00%, 0, 0, 2, 15.78, 3583, 105
239, 0, 0, 30, 30, 1, 0.00%, 0, 0, 2, 15.81, 3660, 107
244, 0, 0, 30, 30, 1, 0.00%, 0, 0, 2, 16.08, 3743, 107
249, 0, 0, 30, 30, 1, 0.00%, 0, 0, 2, 16.16, 3826, 107
254, 0, 0, 30, 30, 1, 0.00%, 0, 0, 2, 16.04, 3906, 107
259, 0, 0, 30, 30, 1, 0.00%, 0, 0, 2, 16.11, 3989, 107
264, 0, 0, 31, 31, 1, 0.00%, 0, 0, 2, 15.80, 4067, 107
270, 0, 0, 31, 31, 1, 0.00%, 1, 0, 2, 15.89, 4150, 107
275, 0, 0, 31, 31, 1, 0.00%, 1, 0, 2, 16.01, 4232, 107
280, 0, 0, 31, 31, 1, 0.00%, 1, 0, 2, 16.16, 4314, 107
285, 0, 0, 31, 31, 1, 0.00%, 1, 0, 2, 16.08, 4397, 107
290, 0, 0, 31, 31, 1, 0.00%, 1, 0, 2, 16.29, 4481, 107
295, 0, 0, 31, 31, 1, 0.00%, 1, 0, 2, 16.07, 4563, 107
300, 0, 0, 31, 31, 1, 0.00%, 1, 0, 2, 15.97, 4645, 107
306, 0, 0, 31, 31, 1, 0.00%, 1, 0, 2, 15.93, 4728, 107
311, 0, 0, 31, 31, 1, 0.00%, 1, 0, 2, 15.93, 4811, 107
316, 0, 0, 31, 31, 1, 0.00%, 1, 0, 2, 15.09, 4888, 107
321, 0, 0, 31, 31, 1, 0.00%, 1, 0, 2, 14.31, 4961, 107
326, 0, 0, 31, 31, 1, 0.00%, 1, 0, 2, 12.74, 5024, 107
331, 0, 0, 31, 31, 1, 0.00%, 1, 0, 2, 12.30, 5087, 107
336, 0, 2, 31, 30, 17, 0.00%, 1, 0, 2, 12.93, 5152, 107
342, 0, 2, 31, 30, 17, 0.00%, 1, 0, 2, 11.82, 5213, 107
347, 0, 2, 31, 30, 17, 0.00%, 1, 0, 2, 12.94, 5274, 107
352, 0, 22, 31, 29, 16, 0.00%, 1, 0, 2, 14.26, 5350, 107
357, 0, 22, 31, 29, 16, 0.00%, 1, 0, 2, 12.32, 5409, 107
362, 0, 22, 31, 29, 16, 0.00%, 1, 0, 2, 11.74, 5468, 107
367, 0, 22, 31, 29, 16, 0.00%, 1, 0, 2, 13.75, 5540, 107
372, 0, 26, 31, 28, 15, 0.00%, 1, 0, 2, 10.85, 5593, 107
377, 0, 26, 31, 28, 15, 0.00%, 1, 0, 2, 10.80, 5643, 107
382, 0, 26, 31, 28, 15, 0.00%, 1, 0, 2, 12.43, 5707, 107
388, 0, 1, 31, 27, 14, 0.00%, 1, 0, 2, 13.20, 5779, 107
393, 0, 1, 31, 27, 14, 0.00%, 1, 0, 2, 13.62, 5851, 107
398, 0, 1, 31, 27, 14, 0.00%, 1, 0, 2, 13.31, 5920, 107
403, 0, 14, 31, 26, 13, 0.00%, 1, 0, 2, 14.02, 5991, 107
408, 0, 14, 31, 26, 13, 0.00%, 1, 0, 2, 15.05, 6069, 107
414, 0, 14, 32, 27, 13, 0.00%, 1, 0, 3, 15.37, 6153, 108
419, 0, 14, 33, 28, 13, 0.00%, 1, 0, 3, 15.27, 6229, 109
424, 0, 7, 34, 28, 13, 0.00%, 1, 0, 3, 15.60, 6309, 111
429, 0, 7, 34, 28, 13, 0.00%, 1, 0, 3, 17.51, 6401, 111
434, 0, 4, 34, 27, 13, 0.00%, 1, 0, 3, 17.61, 6491, 111
439, 0, 4, 35, 28, 13, 0.00%, 1, 0, 3, 17.85, 6583, 114
444, 0, 4, 35, 28, 13, 0.00%, 1, 0, 3, 17.75, 6674, 114
450, 0, 9, 35, 27, 11, 0.00%, 1, 0, 3, 18.14, 6768, 114
455, 0, 9, 38, 30, 11, 0.00%, 1, 0, 3, 17.62, 6852, 114
460, 0, 9, 39, 31, 11, 0.00%, 1, 0, 3, 17.82, 6941, 114
465, 0, 9, 39, 31, 11, 0.00%, 1, 0, 3, 18.11, 7033, 114
470, 0, 3, 39, 30, 10, 0.00%, 1, 0, 3, 17.66, 7123, 114
475, 0, 3, 39, 30, 10, 0.00%, 1, 0, 3, 18.21, 7219, 114
480, 0, 3, 39, 30, 10, 0.00%, 1, 0, 3, 18.42, 7315, 114
485, 0, 34, 39, 29, 9, 0.00%, 1, 0, 3, 17.88, 7406, 114
491, 0, 34, 39, 29, 9, 0.00%, 1, 0, 3, 17.86, 7496, 114
496, 0, 20, 39, 28, 8, 0.00%, 1, 0, 3, 18.35, 7592, 114
501, 0, 20, 39, 28, 8, 0.00%, 1, 0, 3, 18.23, 7684, 114
506, 0, 20, 40, 29, 8, 0.00%, 1, 0, 3, 18.39, 7775, 114
511, 0, 37, 41, 29, 7, 0.00%, 1, 0, 4, 18.13, 7868, 114
516, 0, 37, 41, 29, 7, 0.00%, 1, 0, 4, 18.36, 7964, 114
521, 0, 37, 41, 29, 7, 0.00%, 1, 0, 4, 18.26, 8056, 114
526, 0, 28, 41, 28, 7, 0.00%, 1, 0, 4, 18.24, 8148, 114
531, 0, 28, 41, 28, 7, 0.00%, 1, 0, 4, 18.50, 8244, 114
537, 0, 24, 41, 27, 6, 0.00%, 1, 0, 4, 18.29, 8336, 114
542, 0, 24, 41, 27, 6, 0.00%, 1, 0, 4, 18.33, 8427, 114
547, 0, 24, 41, 27, 6, 0.00%, 1, 0, 4, 18.30, 8519, 114
552, 0, 19, 41, 26, 5, 0.00%, 1, 0, 4, 18.46, 8611, 114
557, 0, 19, 41, 26, 5, 0.00%, 1, 0, 4, 18.59, 8706, 114
562, 0, 21, 41, 25, 4, 0.00%, 1, 0, 4, 18.02, 8800, 114
567, 0, 21, 41, 25, 4, 0.00%, 1, 0, 4, 17.66, 8888, 114
572, 0, 21, 41, 25, 4, 0.00%, 1, 0, 4, 18.14, 8979, 114
577, 0, 8, 42, 25, 4, 0.00%, 1, 0, 4, 16.26, 9056, 119
582, 0, 8, 42, 25, 4, 0.00%, 1, 0, 4, 16.10, 9136, 119
587, 0, 41, 42, 24, 3, 0.00%, 1, 0, 4, 16.93, 9224, 119
592, 0, 41, 43, 25, 3, 0.00%, 1, 0, 4, 17.81, 9318, 119
598, 0, 41, 43, 25, 3, 0.00%, 1, 0, 4, 18.38, 9414, 119
598, 0, 41, 43, 25, 3, 0.00%, 1, 0, 4, 17.95, 9415, 119
