# unix_time, cycles_done, cur_path, paths_total, pending_total, pending_favs, map_size, unique_crashes, unique_hangs, max_depth, execs_per_sec
1676148741, 0, 0, 1, 1, 1, 0.07%, 0, 0, 1, 43.24
1676148746, 0, 0, 3, 3, 1, 0.08%, 0, 0, 2, 48.56
1676148771, 0, 0, 5, 5, 1, 0.12%, 0, 0, 2, 49.43
1676148781, 0, 0, 7, 7, 1, 0.12%, 0, 0, 2, 49.47
1676148791, 0, 0, 12, 12, 1, 0.19%, 0, 0, 2, 47.34
1676148807, 0, 0, 13, 13, 1, 0.19%, 0, 0, 2, 49.63
1676148837, 0, 0, 14, 14, 1, 0.20%, 0, 0, 2, 49.11
1676148877, 0, 0, 15, 15, 1, 0.20%, 0, 0, 2, 49.44
1676148923, 0, 0, 16, 16, 1, 0.20%, 0, 0, 2, 45.65
1676148928, 0, 0, 17, 17, 1, 0.20%, 0, 0, 2, 46.46
1676148953, 0, 0, 18, 18, 1, 0.20%, 0, 0, 2, 46.80
1676148984, 0, 0, 19, 19, 1, 0.20%, 0, 0, 2, 48.19
1676149115, 0, 10, 21, 20, 9, 0.21%, 0, 0, 3, 44.77
1676149120, 0, 10, 25, 24, 9, 0.21%, 0, 0, 3, 52.66
1676149125, 0, 10, 28, 27, 9, 0.21%, 0, 0, 3, 47.90
1676149236, 0, 10, 32, 31, 9, 0.21%, 0, 0, 3, 46.42
1676149241, 0, 10, 35, 34, 9, 0.21%, 0, 0, 3, 48.89
1676149246, 0, 10, 36, 35, 9, 0.21%, 0, 0, 3, 45.28
1676149272, 0, 10, 37, 36, 9, 0.21%, 0, 0, 3, 46.06
1676149282, 0, 10, 38, 37, 9, 0.21%, 0, 0, 3, 45.09
