# unix_time, cycles_done, cur_path, paths_total, pending_total, pending_favs, map_size, unique_crashes, unique_hangs, max_depth, execs_per_sec
1676149941, 0, 0, 1, 1, 1, 0.07%, 0, 0, 1, 39.60
1676149946, 0, 0, 3, 3, 1, 0.08%, 0, 0, 2, 43.65
1676149971, 0, 0, 4, 4, 1, 0.08%, 0, 0, 2, 44.58
1676149976, 0, 0, 5, 5, 1, 0.15%, 0, 0, 2, 43.80
1676149981, 0, 0, 7, 7, 1, 0.16%, 0, 0, 2, 42.93
1676149986, 0, 0, 8, 8, 1, 0.16%, 0, 0, 2, 37.20
1676149991, 0, 0, 9, 9, 1, 0.17%, 0, 0, 2, 33.83
1676149997, 0, 0, 10, 10, 1, 0.17%, 0, 0, 2, 38.96
1676150012, 0, 0, 12, 12, 1, 0.19%, 0, 0, 2, 41.22
1676150017, 0, 0, 13, 13, 1, 0.21%, 0, 0, 2, 46.55
1676150022, 0, 0, 14, 14, 1, 0.22%, 0, 0, 2, 46.75
1676150037, 0, 0, 16, 16, 1, 0.22%, 0, 0, 2, 36.95
1676150058, 0, 0, 17, 17, 1, 0.22%, 0, 0, 2, 34.35
1676150206, 0, 0, 18, 18, 1, 0.22%, 0, 0, 2, 33.72
1676150272, 0, 0, 20, 20, 1, 0.22%, 0, 0, 2, 38.01
1676150298, 0, 0, 21, 21, 1, 0.22%, 0, 0, 2, 37.43
1676150324, 0, 0, 22, 22, 1, 0.22%, 0, 0, 2, 35.91
1676150334, 0, 0, 23, 23, 1, 0.22%, 0, 0, 2, 30.81
1676150411, 0, 12, 28, 27, 9, 0.22%, 0, 0, 3, 36.16
1676150416, 0, 12, 34, 33, 9, 0.23%, 0, 0, 3, 35.29
1676150426, 0, 12, 35, 34, 9, 0.23%, 0, 0, 3, 32.87
1676150441, 0, 12, 36, 35, 9, 0.23%, 0, 0, 3, 39.20
1676150509, 0, 12, 38, 37, 9, 0.23%, 0, 0, 3, 29.18
1676150514, 0, 12, 44, 43, 9, 0.23%, 0, 0, 3, 25.85
1676150519, 0, 12, 47, 46, 9, 0.23%, 0, 0, 3, 33.57
1676150524, 0, 12, 49, 48, 9, 0.23%, 0, 0, 3, 36.00
1676150534, 0, 12, 51, 50, 9, 0.23%, 0, 0, 3, 36.20
