# relative_time, cycles_done, cur_item, corpus_count, pending_total, pending_favs, map_size, saved_crashes, saved_hangs, max_depth, execs_per_sec, total_execs, edges_found
61, 0, 0, 12, 12, 1, 0.00%, 0, 0, 2, 24.51, 1522, 118
66, 0, 0, 13, 13, 1, 0.00%, 0, 0, 2, 24.94, 1650, 122
71, 0, 0, 13, 13, 1, 0.00%, 0, 0, 2, 24.72, 1779, 122
76, 0, 0, 14, 14, 1, 0.00%, 0, 0, 2, 24.89, 1908, 122
81, 0, 0, 14, 14, 1, 0.00%, 0, 0, 2, 25.02, 2034, 122
87, 0, 0, 15, 15, 1, 0.00%, 0, 0, 2, 24.76, 2166, 124
92, 0, 0, 15, 15, 1, 0.00%, 0, 0, 2, 24.94, 2293, 124
97, 0, 0, 15, 15, 1, 0.00%, 0, 0, 2, 24.96, 2418, 124
102, 0, 0, 15, 15, 1, 0.00%, 0, 0, 2, 24.78, 2543, 124
107, 0, 0, 17, 17, 1, 0.00%, 0, 0, 2, 24.52, 2663, 132
112, 0, 0, 17, 17, 1, 0.00%, 0, 0, 2, 25.01, 2790, 132
117, 0, 0, 18, 18, 1, 0.00%, 0, 0, 2, 24.89, 2915, 133
122, 0, 0, 19, 19, 1, 0.00%, 0, 0, 2, 24.62, 3039, 135
127, 0, 0, 19, 19, 1, 0.00%, 0, 0, 2, 25.01, 3165, 135
132, 0, 0, 19, 19, 1, 0.00%, 0, 0, 2, 24.72, 3290, 135
137, 0, 0, 19, 19, 1, 0.00%, 0, 0, 2, 24.77, 3415, 135
142, 0, 0, 19, 19, 1, 0.00%, 0, 0, 2, 24.78, 3541, 135
147, 0, 0, 19, 19, 1, 0.00%, 0, 0, 2, 24.93, 3669, 135
153, 0, 0, 20, 20, 1, 0.00%, 0, 0, 2, 24.78, 3793, 136
158, 0, 0, 20, 20, 1, 0.00%, 0, 0, 2, 25.00, 3923, 136
163, 0, 0, 20, 20, 1, 0.00%, 0, 0, 2, 24.84, 4050, 136
168, 0, 0, 21, 21, 1, 0.00%, 0, 0, 2, 24.75, 4174, 137
173, 0, 0, 21, 21, 1, 0.00%, 0, 0, 2, 25.00, 4304, 137
178, 0, 0, 21, 21, 1, 0.00%, 0, 0, 2, 24.90, 4431, 137
183, 0, 0, 21, 21, 1, 0.00%, 0, 0, 2, 24.69, 4558, 137
189, 0, 0, 21, 21, 1, 0.00%, 0, 0, 2, 24.90, 4687, 137
194, 0, 0, 21, 21, 1, 0.00%, 0, 0, 2, 24.82, 4814, 137
199, 0, 0, 21, 21, 1, 0.00%, 0, 0, 2, 25.08, 4942, 137
204, 0, 0, 21, 21, 1, 0.00%, 0, 0, 2, 24.79, 5070, 137
209, 0, 0, 21, 21, 1, 0.00%, 0, 0, 2, 24.70, 5195, 137
214, 0, 0, 21, 21, 1, 0.00%, 0, 0, 2, 25.04, 5321, 137
219, 0, 0, 21, 21, 1, 0.00%, 0, 0, 2, 24.91, 5448, 137
224, 0, 0, 21, 21, 1, 0.00%, 0, 0, 2, 24.58, 5574, 137
229, 0, 0, 22, 22, 1, 0.00%, 0, 0, 2, 24.62, 5695, 139
234, 0, 0, 22, 22, 1, 0.00%, 0, 0, 2, 25.12, 5822, 139
239, 0, 0, 22, 22, 1, 0.00%, 0, 0, 2, 24.80, 5947, 139
244, 0, 0, 22, 22, 1, 0.00%, 0, 0, 2, 24.86, 6071, 139
249, 0, 0, 22, 22, 1, 0.00%, 0, 0, 2, 25.01, 6199, 139
255, 0, 0, 22, 22, 1, 0.00%, 0, 0, 2, 24.70, 6324, 139
260, 0, 0, 22, 22, 1, 0.00%, 0, 0, 2, 24.83, 6450, 139
265, 0, 0, 22, 22, 1, 0.00%, 0, 0, 2, 24.86, 6578, 139
270, 0, 0, 22, 22, 1, 0.00%, 0, 0, 2, 24.82, 6705, 139
275, 0, 0, 32, 32, 1, 0.00%, 0, 0, 2, 22.97, 6812, 141
280, 0, 0, 40, 40, 1, 0.00%, 0, 0, 2, 22.68, 6924, 142
285, 0, 0, 44, 44, 1, 0.00%, 0, 0, 2, 23.50, 7050, 142
290, 0, 0, 45, 45, 1, 0.00%, 0, 0, 2, 24.49, 7173, 142
296, 0, 0, 46, 46, 1, 0.00%, 0, 0, 2, 24.53, 7297, 142
301, 0, 0, 46, 46, 1, 0.00%, 0, 0, 2, 24.63, 7425, 142
306, 0, 0, 47, 47, 1, 0.00%, 0, 0, 2, 24.61, 7547, 142
311, 0, 0, 48, 48, 1, 0.00%, 0, 0, 2, 24.60, 7673, 144
316, 0, 0, 49, 49, 1, 0.00%, 0, 0, 2, 24.49, 7805, 145
321, 0, 0, 49, 49, 1, 0.00%, 0, 0, 2, 24.72, 7931, 145
327, 0, 0, 50, 50, 1, 0.00%, 0, 0, 2, 24.63, 8057, 148
332, 0, 0, 51, 51, 1, 0.00%, 0, 0, 2, 24.87, 8183, 149
337, 0, 0, 51, 51, 1, 0.00%, 0, 0, 2, 24.77, 8310, 149
342, 0, 0, 51, 51, 1, 0.00%, 0, 0, 2, 24.52, 8435, 149
347, 0, 0, 52, 52, 1, 0.00%, 1, 0, 2, 24.40, 8558, 149
352, 0, 21, 52, 51, 20, 0.00%, 1, 0, 2, 24.04, 8683, 149
357, 0, 21, 52, 51, 20, 0.00%, 1, 0, 2, 24.58, 8809, 149
362, 0, 8, 52, 50, 19, 0.00%, 1, 0, 2, 24.35, 8934, 149
367, 0, 8, 54, 52, 19, 0.00%, 1, 0, 3, 24.20, 9056, 151
372, 0, 8, 58, 56, 19, 0.00%, 1, 0, 3, 24.00, 9173, 152
378, 0, 8, 64, 62, 19, 0.00%, 1, 0, 3, 23.49, 9289, 154
383, 0, 8, 64, 62, 19, 0.00%, 1, 0, 3, 24.39, 9414, 154
388, 0, 8, 68, 66, 19, 0.00%, 1, 0, 3, 23.82, 9533, 155
393, 0, 8, 68, 66, 19, 0.00%, 1, 0, 3, 24.33, 9658, 155
398, 0, 8, 69, 67, 19, 0.00%, 1, 0, 3, 24.44, 9780, 155
403, 0, 8, 71, 69, 19, 0.00%, 1, 0, 3, 24.58, 9905, 155
408, 0, 8, 71, 69, 19, 0.00%, 1, 0, 3, 24.75, 10033, 155
413, 0, 8, 72, 70, 19, 0.00%, 1, 0, 3, 24.19, 10153, 155
419, 0, 8, 73, 71, 19, 0.00%, 1, 0, 3, 24.56, 10279, 155
424, 0, 8, 74, 72, 19, 0.00%, 1, 0, 3, 24.61, 10405, 155
429, 0, 8, 74, 72, 19, 0.00%, 1, 0, 3, 24.41, 10530, 155
434, 0, 8, 74, 72, 19, 0.00%, 1, 0, 3, 24.38, 10655, 155
439, 0, 8, 74, 72, 19, 0.00%, 1, 0, 3, 24.70, 10784, 155
444, 0, 66, 74, 71, 22, 0.00%, 1, 0, 3, 24.35, 10905, 155
449, 0, 66, 75, 72, 22, 0.00%, 1, 0, 4, 24.22, 11030, 155
455, 0, 66, 77, 74, 22, 0.00%, 1, 0, 4, 24.31, 11154, 155
460, 0, 13, 77, 73, 19, 0.00%, 1, 0, 4, 24.34, 11277, 155
465, 0, 71, 77, 72, 18, 0.00%, 1, 0, 4, 24.45, 11402, 155
470, 0, 71, 78, 73, 18, 0.00%, 1, 0, 4, 24.23, 11525, 155
475, 0, 71, 79, 74, 18, 0.00%, 1, 0, 4, 24.45, 11649, 155
480, 0, 19, 79, 73, 17, 0.00%, 1, 0, 4, 24.35, 11773, 155
485, 0, 19, 79, 73, 17, 0.00%, 1, 0, 4, 24.44, 11898, 155
490, 0, 50, 79, 72, 16, 0.00%, 1, 0, 4, 24.42, 12024, 155
496, 0, 50, 80, 73, 16, 0.00%, 1, 0, 4, 24.43, 12150, 155
501, 0, 9, 80, 72, 15, 0.00%, 1, 0, 4, 24.08, 12275, 155
506, 0, 9, 80, 72, 15, 0.00%, 1, 0, 4, 24.53, 12400, 155
511, 0, 47, 81, 72, 14, 0.00%, 1, 0, 4, 24.39, 12522, 155
516, 0, 47, 81, 72, 14, 0.00%, 1, 0, 4, 24.46, 12647, 155
521, 0, 47, 81, 72, 14, 0.00%, 1, 0, 4, 24.59, 12773, 155
526, 0, 18, 81, 71, 13, 0.00%, 1, 0, 4, 24.28, 12895, 155
531, 0, 18, 82, 72, 13, 0.00%, 1, 0, 4, 24.44, 13023, 155
536, 0, 4, 82, 71, 12, 0.00%, 1, 0, 4, 24.37, 13146, 155
542, 0, 4, 82, 71, 12, 0.00%, 1, 0, 4, 24.20, 13271, 155
547, 0, 20, 82, 70, 11, 0.00%, 1, 0, 4, 24.46, 13396, 155
552, 0, 20, 82, 70, 11, 0.00%, 1, 0, 4, 24.59, 13521, 155
557, 0, 15, 82, 69, 10, 0.00%, 1, 0, 4, 24.65, 13646, 155
562, 0, 15, 82, 69, 10, 0.00%, 1, 0, 4, 24.44, 13771, 155
567, 0, 77, 82, 68, 9, 0.00%, 1, 0, 4, 24.39, 13894, 155
572, 0, 77, 82, 68, 9, 0.00%, 1, 0, 4, 24.50, 14020, 155
577, 0, 33, 82, 67, 8, 0.00%, 1, 0, 4, 24.36, 14146, 155
583, 0, 33, 82, 67, 8, 0.00%, 1, 0, 4, 24.47, 14271, 155
588, 0, 68, 82, 66, 7, 0.00%, 1, 0, 4, 24.25, 14395, 155
593, 0, 68, 82, 66, 7, 0.00%, 1, 0, 4, 24.50, 14520, 155
598, 0, 71, 82, 65, 6, 0.00%, 1, 0, 4, 24.33, 14644, 155
598, 0, 71, 82, 65, 6, 0.00%, 1, 0, 4, 24.20, 14647, 155
