# unix_time, cycles_done, cur_path, paths_total, pending_total, pending_favs, map_size, unique_crashes, unique_hangs, max_depth, execs_per_sec
1676151141, 0, 0, 1, 1, 1, 0.08%, 0, 0, 1, 27.87
1676151146, 0, 0, 3, 3, 1, 0.09%, 0, 0, 2, 34.95
1676151182, 0, 0, 5, 5, 1, 0.16%, 0, 0, 2, 36.99
1676151187, 0, 0, 7, 7, 1, 0.20%, 0, 0, 2, 36.24
1676151192, 0, 0, 11, 11, 1, 0.23%, 0, 0, 2, 36.85
1676151197, 0, 0, 12, 12, 1, 0.23%, 0, 0, 2, 37.89
1676151202, 0, 0, 13, 13, 1, 0.24%, 0, 0, 2, 34.99
1676151223, 0, 0, 14, 14, 1, 0.24%, 0, 0, 2, 36.17
1676151243, 0, 0, 15, 15, 1, 0.24%, 0, 0, 2, 37.38
1676151248, 0, 0, 16, 16, 1, 0.24%, 0, 0, 2, 36.78
1676151259, 0, 0, 17, 17, 1, 0.24%, 0, 0, 2, 36.86
1676151274, 0, 0, 20, 20, 1, 0.26%, 0, 0, 2, 51.65
1676151300, 0, 0, 21, 21, 1, 0.26%, 0, 0, 2, 36.60
1676151350, 0, 0, 22, 22, 1, 0.26%, 0, 0, 2, 38.22
1676151355, 0, 8, 24, 23, 11, 0.27%, 0, 0, 3, 34.79
1676151361, 0, 8, 28, 27, 11, 0.27%, 0, 0, 3, 34.07
1676151366, 0, 8, 32, 31, 11, 0.27%, 0, 0, 3, 33.00
1676151371, 0, 8, 34, 33, 11, 0.27%, 0, 0, 3, 41.36
1676151397, 0, 8, 35, 34, 11, 0.27%, 0, 0, 3, 32.32
1676151585, 0, 8, 42, 41, 11, 0.27%, 0, 0, 3, 40.83
1676151590, 0, 8, 44, 43, 11, 0.27%, 0, 0, 3, 42.57
1676151596, 0, 8, 47, 46, 11, 0.27%, 0, 0, 3, 43.91
1676151601, 0, 8, 48, 47, 11, 0.27%, 0, 0, 3, 43.99
1676151611, 0, 8, 50, 49, 11, 0.27%, 0, 0, 3, 43.47
1676151621, 0, 8, 51, 50, 11, 0.27%, 0, 0, 3, 43.68
1676151722, 0, 8, 52, 51, 11, 0.27%, 0, 0, 3, 44.88
1676151727, 0, 8, 53, 52, 11, 0.27%, 0, 0, 3, 45.60
1676151732, 0, 53, 54, 52, 13, 0.27%, 0, 0, 3, 44.68
