# unix_time, cycles_done, cur_path, paths_total, pending_total, pending_favs, map_size, unique_crashes, unique_hangs, max_depth, execs_per_sec
1676205497, 0, 0, 1, 1, 1, 0.13%, 0, 0, 1, 85.11
1676205502, 0, 0, 22, 22, 1, 0.18%, 0, 0, 2, 135.78
1676205507, 0, 0, 26, 26, 1, 0.19%, 0, 0, 2, 146.37
1676205512, 0, 0, 28, 28, 1, 0.22%, 0, 0, 2, 148.77
1676205517, 0, 0, 29, 29, 1, 0.22%, 0, 0, 2, 148.70
1676205522, 0, 0, 30, 30, 1, 0.22%, 0, 0, 2, 147.41
1676205527, 0, 0, 31, 31, 1, 0.23%, 0, 0, 2, 148.32
1676205563, 0, 0, 45, 45, 1, 0.25%, 0, 0, 2, 147.02
1676205568, 0, 0, 68, 68, 1, 0.26%, 0, 0, 2, 148.12
1676205573, 0, 0, 82, 82, 1, 0.26%, 0, 0, 2, 147.43
1676205578, 0, 0, 87, 87, 1, 0.26%, 0, 0, 2, 149.14
1676205583, 0, 0, 91, 91, 1, 0.26%, 0, 0, 2, 149.36
1676205589, 0, 0, 92, 92, 1, 0.26%, 0, 0, 2, 148.61
1676205594, 0, 0, 96, 96, 1, 0.26%, 0, 0, 2, 149.35
1676205599, 0, 0, 97, 97, 1, 0.26%, 0, 0, 2, 149.06
1676205604, 0, 0, 98, 98, 1, 0.26%, 0, 0, 2, 148.95
1676205609, 0, 0, 99, 99, 1, 0.26%, 0, 0, 2, 149.54
1676205619, 0, 0, 101, 101, 1, 0.26%, 0, 0, 2, 149.57
1676205624, 0, 0, 102, 102, 1, 0.26%, 0, 0, 2, 149.32
1676205639, 0, 0, 103, 103, 1, 0.26%, 0, 0, 2, 149.32
1676205649, 0, 0, 104, 104, 1, 0.26%, 0, 0, 2, 149.34
1676205660, 0, 0, 105, 105, 1, 0.26%, 1, 0, 2, 149.05
1676205690, 0, 0, 107, 107, 1, 0.26%, 1, 0, 2, 148.86
1676205716, 0, 0, 108, 108, 1, 0.26%, 1, 0, 2, 149.39
1676205787, 0, 46, 108, 107, 18, 0.26%, 1, 0, 2, 147.61
1676205854, 0, 46, 112, 111, 18, 0.26%, 1, 0, 3, 144.08
1676205859, 0, 46, 113, 112, 18, 0.26%, 1, 0, 3, 144.26
1676205864, 0, 46, 114, 113, 18, 0.26%, 1, 0, 3, 144.07
1676205910, 0, 46, 115, 114, 18, 0.26%, 1, 0, 3, 144.36
