# unix_time, cycles_done, cur_path, paths_total, pending_total, pending_favs, map_size, unique_crashes, unique_hangs, max_depth, execs_per_sec
1676223769, 0, 0, 1, 1, 1, 0.28%, 0, 0, 1, 76.92
1676223774, 0, 0, 24, 24, 1, 0.34%, 0, 0, 2, 120.52
1676223779, 0, 0, 42, 42, 1, 0.35%, 0, 0, 2, 129.18
1676223789, 0, 0, 49, 49, 1, 0.37%, 0, 0, 2, 132.45
1676223794, 0, 0, 52, 52, 1, 0.38%, 0, 0, 2, 132.81
1676223805, 0, 0, 53, 53, 1, 0.38%, 0, 0, 2, 133.10
1676223835, 0, 0, 54, 54, 1, 0.38%, 0, 0, 2, 135.46
1676223896, 0, 0, 72, 72, 1, 0.41%, 0, 0, 2, 133.90
1676223902, 0, 0, 77, 77, 1, 0.41%, 0, 0, 2, 135.42
1676223912, 0, 0, 78, 78, 1, 0.41%, 0, 0, 2, 135.41
1676223922, 0, 0, 78, 78, 1, 0.41%, 1, 0, 2, 135.92
1676223933, 0, 0, 79, 79, 1, 0.41%, 1, 0, 2, 136.26
1676223938, 0, 0, 80, 80, 1, 0.42%, 1, 0, 2, 136.22
1676223948, 0, 0, 82, 82, 1, 0.42%, 1, 0, 2, 136.05
1676223994, 0, 0, 83, 83, 1, 0.42%, 1, 0, 2, 135.89
1676224015, 0, 0, 84, 84, 1, 0.42%, 1, 0, 2, 136.43
1676224025, 0, 0, 85, 85, 1, 0.42%, 1, 0, 2, 135.69
1676224051, 0, 0, 86, 86, 1, 0.42%, 1, 0, 2, 135.19
1676224092, 0, 0, 87, 87, 1, 0.42%, 1, 0, 2, 134.89
1676224139, 0, 77, 87, 86, 18, 0.42%, 1, 0, 2, 132.57
1676224169, 0, 78, 87, 85, 17, 0.42%, 1, 0, 2, 131.73
