# unix_time, cycles_done, cur_path, paths_total, pending_total, pending_favs, map_size, unique_crashes, unique_hangs, max_depth, execs_per_sec
1676142809, 0, 0, 1, 1, 1, 0.16%, 0, 0, 1, 0.00
1676142814, 0, 0, 4, 4, 1, 0.18%, 0, 0, 2, 118.03
1676142824, 0, 0, 9, 9, 1, 0.37%, 0, 0, 2, 117.10
1676142829, 0, 0, 10, 10, 1, 0.37%, 0, 0, 2, 116.69
1676142840, 0, 0, 11, 11, 1, 0.38%, 0, 0, 2, 123.91
1676142870, 0, 0, 12, 12, 1, 0.40%, 0, 0, 2, 125.06
1676142875, 0, 0, 13, 13, 1, 0.41%, 0, 0, 2, 124.81
1676142896, 0, 0, 14, 14, 1, 0.41%, 0, 0, 2, 115.02
1676142952, 0, 0, 15, 15, 1, 0.41%, 0, 0, 2, 115.59
1676142982, 0, 0, 16, 16, 1, 0.43%, 0, 0, 2, 109.52
1676143039, 0, 0, 17, 17, 1, 0.43%, 0, 0, 2, 105.20
1676143085, 0, 0, 18, 18, 1, 0.45%, 0, 0, 2, 104.28
1676143095, 0, 0, 19, 19, 1, 0.45%, 0, 0, 2, 104.83
1676143115, 0, 11, 22, 21, 12, 0.46%, 0, 0, 3, 100.02
1676143120, 0, 11, 28, 27, 12, 0.49%, 0, 0, 3, 101.05
1676143125, 0, 11, 37, 36, 12, 0.50%, 1, 0, 3, 98.48
1676143130, 0, 11, 38, 37, 12, 0.51%, 1, 0, 3, 98.69
1676143135, 0, 11, 39, 38, 12, 0.51%, 1, 0, 3, 99.57
1676143141, 0, 11, 40, 39, 12, 0.52%, 1, 0, 3, 99.99
1676143151, 0, 11, 44, 43, 12, 0.52%, 1, 0, 3, 99.28
1676143156, 0, 11, 47, 46, 12, 0.52%, 1, 0, 3, 99.45
1676143161, 0, 11, 49, 48, 12, 0.52%, 1, 0, 3, 98.33
1676143176, 0, 11, 53, 52, 12, 0.52%, 1, 0, 3, 98.88
1676143186, 0, 11, 54, 53, 12, 0.52%, 1, 0, 3, 99.66
1676143201, 0, 11, 55, 54, 12, 0.52%, 2, 0, 3, 99.92
1676143207, 0, 11, 56, 55, 12, 0.52%, 2, 0, 3, 99.82
1676143217, 0, 11, 57, 56, 12, 0.52%, 2, 0, 3, 99.47
1676143329, 0, 11, 58, 57, 12, 0.52%, 2, 0, 3, 67.84
1676143334, 0, 11, 60, 59, 12, 0.52%, 2, 0, 3, 80.45
1676143340, 0, 11, 61, 60, 12, 0.52%, 2, 0, 3, 81.94
1676143365, 0, 11, 62, 61, 12, 0.52%, 2, 0, 3, 84.10
1676143396, 0, 11, 63, 62, 12, 0.52%, 2, 0, 3, 85.12
1676143401, 0, 11, 64, 63, 12, 0.52%, 2, 0, 3, 84.45
