# relative_time, cycles_done, cur_item, corpus_count, pending_total, pending_favs, map_size, saved_crashes, saved_hangs, max_depth, execs_per_sec, total_execs, edges_found
112, 0, 0, 4, 4, 1, 0.00%, 0, 0, 2, 0.02, 274, 124
117, 0, 0, 5, 5, 1, 0.00%, 0, 0, 2, 8.93, 330, 129
122, 0, 3, 5, 4, 3, 0.00%, 0, 0, 2, 11.26, 391, 129
127, 0, 3, 5, 4, 3, 0.00%, 0, 0, 2, 12.04, 454, 129
133, 0, 3, 6, 5, 3, 0.00%, 0, 0, 3, 12.05, 516, 134
138, 0, 3, 8, 7, 3, 0.00%, 0, 0, 3, 11.77, 579, 139
143, 0, 3, 9, 8, 3, 0.00%, 0, 0, 3, 11.93, 639, 152
148, 0, 5, 9, 7, 5, 0.00%, 0, 0, 3, 11.98, 697, 152
153, 0, 5, 13, 11, 5, 0.00%, 0, 0, 4, 11.81, 753, 214
158, 0, 5, 16, 14, 5, 0.00%, 0, 0, 4, 11.87, 810, 221
164, 0, 5, 19, 17, 5, 0.00%, 0, 0, 4, 11.67, 874, 234
169, 0, 5, 20, 18, 5, 0.00%, 0, 0, 4, 11.44, 931, 236
175, 0, 5, 23, 21, 5, 0.00%, 0, 0, 4, 11.31, 987, 256
180, 0, 5, 23, 21, 5, 0.00%, 0, 0, 4, 11.68, 1049, 256
185, 0, 5, 23, 21, 5, 0.00%, 0, 0, 4, 12.04, 1112, 256
190, 0, 5, 24, 22, 5, 0.00%, 0, 0, 4, 11.70, 1170, 264
195, 0, 5, 25, 23, 5, 0.00%, 0, 0, 4, 11.82, 1228, 266
200, 0, 5, 26, 24, 5, 0.00%, 0, 0, 4, 11.68, 1287, 268
206, 0, 5, 26, 24, 5, 0.00%, 0, 0, 4, 11.93, 1350, 268
211, 0, 5, 26, 24, 5, 0.00%, 0, 0, 4, 11.87, 1410, 268
216, 0, 5, 26, 24, 5, 0.00%, 0, 0, 4, 11.77, 1469, 268
221, 0, 5, 26, 24, 5, 0.00%, 0, 0, 4, 11.90, 1529, 268
226, 0, 5, 26, 24, 5, 0.00%, 0, 0, 4, 12.01, 1589, 268
231, 0, 5, 26, 24, 5, 0.00%, 0, 0, 4, 11.61, 1648, 268
236, 0, 5, 26, 24, 5, 0.00%, 0, 0, 4, 11.45, 1706, 268
241, 0, 5, 26, 24, 5, 0.00%, 0, 0, 4, 11.70, 1766, 268
246, 0, 5, 26, 24, 5, 0.00%, 0, 0, 4, 11.85, 1826, 268
251, 0, 5, 26, 24, 5, 0.00%, 0, 0, 4, 11.77, 1886, 268
256, 0, 5, 26, 24, 5, 0.00%, 0, 0, 4, 11.73, 1946, 268
262, 0, 5, 26, 24, 5, 0.00%, 0, 0, 4, 11.67, 2006, 268
267, 0, 5, 26, 24, 5, 0.00%, 0, 0, 4, 11.59, 2066, 268
272, 0, 5, 26, 24, 5, 0.00%, 0, 0, 4, 11.67, 2126, 268
277, 0, 5, 26, 24, 5, 0.00%, 0, 0, 4, 9.94, 2176, 268
282, 0, 5, 26, 24, 5, 0.00%, 0, 0, 4, 11.34, 2237, 268
287, 0, 5, 26, 24, 5, 0.00%, 0, 0, 4, 11.58, 2296, 268
292, 0, 5, 27, 25, 5, 0.00%, 0, 0, 4, 11.58, 2352, 271
298, 0, 5, 29, 27, 5, 0.00%, 0, 0, 4, 11.17, 2409, 356
303, 0, 5, 31, 29, 5, 0.00%, 0, 0, 4, 11.48, 2465, 359
308, 0, 5, 31, 29, 5, 0.00%, 0, 0, 4, 11.75, 2525, 359
313, 0, 5, 33, 31, 5, 0.00%, 0, 0, 4, 11.63, 2581, 375
318, 0, 5, 34, 32, 5, 0.00%, 0, 0, 4, 11.78, 2641, 375
323, 0, 5, 36, 34, 5, 0.00%, 0, 0, 4, 11.56, 2698, 379
328, 0, 5, 37, 35, 5, 0.00%, 0, 0, 4, 11.56, 2756, 379
333, 0, 5, 37, 35, 5, 0.00%, 0, 0, 4, 10.38, 2808, 379
339, 0, 5, 38, 36, 5, 0.00%, 0, 0, 4, 11.30, 2867, 379
344, 0, 5, 38, 36, 5, 0.00%, 0, 0, 4, 11.65, 2927, 379
349, 0, 5, 39, 37, 5, 0.00%, 0, 0, 4, 11.96, 2988, 380
871, 0, 5, 41, 39, 5, 0.00%, 0, 0, 4, 0.02, 3021, 381
876, 0, 5, 42, 40, 5, 0.00%, 0, 0, 4, 12.23, 3080, 382
881, 0, 5, 43, 41, 5, 0.00%, 0, 0, 4, 12.10, 3141, 382
887, 0, 5, 43, 41, 5, 0.00%, 0, 0, 4, 12.26, 3204, 382
892, 0, 5, 43, 41, 5, 0.00%, 0, 0, 4, 12.13, 3267, 382
897, 0, 5, 43, 41, 5, 0.00%, 0, 0, 4, 11.25, 3326, 382
1201, 0, 5, 43, 41, 5, 0.00%, 0, 0, 4, 0.00, 3371, 382
1206, 0, 5, 43, 41, 5, 0.00%, 0, 0, 4, 10.02, 3430, 382
1211, 0, 5, 43, 41, 5, 0.00%, 0, 0, 4, 11.65, 3493, 382
1216, 0, 5, 43, 41, 5, 0.00%, 0, 0, 4, 12.05, 3556, 382
1221, 0, 5, 44, 42, 5, 0.00%, 0, 0, 4, 11.81, 3616, 385
1227, 0, 5, 46, 44, 5, 0.00%, 0, 0, 4, 11.97, 3679, 388
1232, 0, 5, 46, 44, 5, 0.00%, 0, 0, 4, 17.91, 3787, 388
1237, 0, 5, 46, 44, 5, 0.00%, 0, 0, 4, 13.83, 3849, 388
1242, 0, 5, 46, 44, 5, 0.00%, 0, 0, 4, 12.32, 3909, 388
1247, 0, 5, 46, 44, 5, 0.00%, 0, 0, 4, 8.55, 3962, 388
1252, 0, 5, 47, 45, 5, 0.00%, 0, 0, 4, 10.35, 4018, 389
1257, 0, 5, 47, 45, 5, 0.00%, 0, 0, 4, 11.38, 4078, 389
1521, 0, 5, 48, 46, 5, 0.00%, 0, 0, 4, 0.01, 4118, 389
1526, 0, 5, 50, 48, 5, 0.00%, 0, 0, 4, 10.34, 4179, 391
1531, 0, 5, 53, 51, 5, 0.00%, 0, 0, 4, 10.92, 4235, 392
1537, 0, 5, 56, 54, 5, 0.00%, 0, 0, 4, 11.18, 4297, 392
1543, 0, 5, 59, 57, 5, 0.00%, 0, 0, 4, 11.37, 4362, 392
1548, 0, 5, 62, 60, 5, 0.00%, 0, 0, 4, 10.92, 4413, 393
1851, 0, 5, 63, 61, 5, 0.00%, 0, 0, 4, 0.04, 4439, 393
1856, 0, 5, 64, 62, 5, 0.00%, 0, 0, 4, 8.31, 4493, 394
1861, 0, 5, 65, 63, 5, 0.00%, 0, 0, 4, 10.28, 4549, 395
1866, 0, 5, 66, 64, 5, 0.00%, 0, 0, 4, 11.16, 4607, 395
1871, 0, 5, 66, 64, 5, 0.00%, 0, 0, 4, 11.58, 4667, 395
1877, 0, 5, 67, 65, 5, 0.00%, 0, 0, 4, 11.50, 4733, 395
1882, 0, 5, 68, 66, 5, 0.00%, 0, 0, 4, 11.73, 4793, 398
1888, 0, 5, 69, 67, 5, 0.00%, 0, 0, 4, 11.57, 4850, 398
1893, 0, 5, 70, 68, 5, 0.00%, 0, 0, 4, 11.52, 4908, 398
1898, 0, 5, 70, 68, 5, 0.00%, 0, 0, 4, 7.38, 4961, 398
1903, 0, 5, 70, 68, 5, 0.00%, 0, 0, 4, 10.24, 5018, 398
1908, 0, 5, 70, 68, 5, 0.00%, 0, 0, 4, 11.25, 5077, 398
2368, 0, 5, 71, 69, 5, 0.00%, 0, 0, 4, 0.01, 5110, 399
2373, 0, 5, 73, 71, 5, 0.00%, 0, 0, 4, 8.16, 5164, 399
2378, 0, 5, 73, 71, 5, 0.00%, 0, 0, 4, 10.61, 5224, 399
2383, 0, 5, 75, 73, 5, 0.00%, 0, 0, 4, 11.06, 5281, 399
2388, 0, 5, 76, 74, 5, 0.00%, 0, 0, 4, 11.53, 5339, 399
2393, 0, 5, 76, 74, 5, 0.00%, 0, 0, 4, 11.67, 5399, 399
3084, 0, 5, 77, 75, 5, 0.00%, 0, 0, 4, 0.00, 5435, 399
3089, 0, 5, 77, 75, 5, 0.00%, 0, 0, 4, 4.77, 5462, 399
3094, 0, 5, 78, 76, 5, 0.00%, 0, 0, 4, 7.04, 5503, 399
3099, 0, 5, 79, 77, 5, 0.00%, 0, 0, 4, 9.30, 5556, 399
3104, 0, 5, 79, 77, 5, 0.00%, 0, 0, 4, 10.75, 5614, 399
3110, 0, 5, 79, 77, 5, 0.00%, 0, 0, 4, 11.34, 5674, 399
3115, 0, 5, 80, 78, 5, 0.00%, 0, 0, 4, 11.28, 5730, 399
3120, 0, 5, 81, 79, 5, 0.00%, 0, 0, 4, 11.12, 5785, 399
3125, 0, 5, 81, 79, 5, 0.00%, 0, 0, 4, 11.08, 5843, 399
3130, 0, 5, 83, 81, 5, 0.00%, 0, 0, 4, 11.29, 5899, 399
3135, 0, 5, 83, 81, 5, 0.00%, 0, 0, 4, 11.48, 5958, 399
3140, 0, 5, 83, 81, 5, 0.00%, 0, 0, 4, 9.27, 6005, 399
3145, 0, 5, 83, 81, 5, 0.00%, 0, 0, 4, 1.69, 6021, 399
3152, 0, 5, 85, 83, 5, 0.00%, 0, 0, 4, 2.40, 6045, 399
3158, 0, 5, 85, 83, 5, 0.00%, 0, 0, 4, 3.94, 6062, 399
3164, 0, 5, 86, 84, 5, 0.00%, 0, 0, 4, 3.79, 6086, 401
3169, 0, 5, 86, 84, 5, 0.00%, 0, 0, 4, 3.83, 6105, 401
3175, 0, 5, 87, 85, 5, 0.00%, 0, 0, 4, 7.39, 6150, 401
3180, 0, 5, 88, 86, 5, 0.00%, 0, 0, 4, 8.72, 6199, 401
3185, 0, 64, 88, 85, 21, 0.00%, 0, 0, 4, 9.81, 6248, 401
3190, 0, 64, 88, 85, 21, 0.00%, 0, 0, 4, 11.24, 6308, 401
3195, 0, 64, 90, 87, 21, 0.00%, 0, 0, 5, 11.44, 6363, 401
3200, 0, 64, 90, 87, 21, 0.00%, 0, 0, 5, 11.49, 6422, 401
3206, 0, 64, 90, 87, 21, 0.00%, 0, 0, 5, 10.59, 6475, 401
3206, 0, 64, 90, 87, 21, 0.00%, 0, 0, 5, 10.36, 6481, 401
