# unix_time, cycles_done, cur_path, paths_total, pending_total, pending_favs, map_size, unique_crashes, unique_hangs, max_depth, execs_per_sec
1676225119, 0, 0, 1, 1, 1, 0.40%, 0, 0, 1, 68.38
1676225124, 0, 0, 27, 27, 1, 0.49%, 0, 0, 2, 106.18
1676225130, 0, 0, 38, 38, 1, 0.50%, 0, 0, 2, 113.16
1676225135, 0, 0, 55, 55, 1, 0.51%, 0, 0, 2, 117.81
1676225140, 0, 0, 64, 64, 1, 0.51%, 0, 0, 2, 117.31
1676225145, 0, 0, 65, 65, 1, 0.51%, 0, 0, 2, 118.54
1676225150, 0, 0, 67, 67, 1, 0.53%, 0, 0, 2, 117.68
1676225155, 0, 0, 75, 75, 1, 0.57%, 0, 0, 2, 117.57
1676225319, 0, 0, 99, 99, 1, 0.59%, 0, 0, 2, 114.61
1676225324, 0, 0, 104, 104, 1, 0.59%, 0, 0, 2, 117.59
1676225329, 0, 0, 110, 110, 1, 0.59%, 1, 0, 2, 115.27
1676225334, 0, 0, 112, 112, 1, 0.59%, 1, 0, 2, 114.42
1676225339, 0, 0, 113, 113, 1, 0.59%, 1, 0, 2, 117.08
1676225344, 0, 0, 117, 117, 1, 0.59%, 1, 0, 2, 118.39
1676225360, 0, 0, 118, 118, 1, 0.59%, 1, 0, 2, 115.62
1676225365, 0, 0, 120, 120, 1, 0.59%, 1, 0, 2, 114.65
1676225370, 0, 0, 121, 121, 1, 0.59%, 1, 0, 2, 116.47
1676225386, 0, 0, 122, 122, 1, 0.59%, 1, 0, 2, 114.57
1676225391, 0, 0, 124, 124, 1, 0.59%, 1, 0, 2, 118.78
1676225417, 0, 0, 125, 125, 1, 0.59%, 1, 0, 2, 118.01
1676225432, 0, 0, 126, 126, 1, 0.59%, 1, 0, 2, 117.74
1676225437, 0, 0, 127, 127, 1, 0.59%, 1, 0, 2, 117.25
1676225458, 0, 0, 128, 128, 1, 0.59%, 1, 0, 2, 118.69
1676225479, 0, 0, 129, 129, 1, 0.60%, 1, 0, 2, 119.11
1676225509, 0, 0, 131, 131, 1, 0.60%, 1, 0, 2, 118.70
1676225514, 0, 0, 132, 132, 1, 0.60%, 1, 0, 2, 118.80
1676225519, 0, 0, 133, 133, 1, 0.60%, 1, 0, 2, 118.73
1676225535, 0, 0, 134, 134, 1, 0.60%, 1, 0, 2, 118.62
1676225545, 0, 0, 135, 135, 1, 0.60%, 1, 0, 2, 118.89
1676225560, 0, 0, 136, 136, 1, 0.60%, 1, 0, 2, 115.57
