# relative_time, cycles_done, cur_item, corpus_count, pending_total, pending_favs, map_size, saved_crashes, saved_hangs, max_depth, execs_per_sec, total_execs, edges_found
61, 0, 0, 11, 11, 1, 0.00%, 0, 0, 2, 18.85, 1145, 83
66, 0, 0, 11, 11, 1, 0.00%, 0, 0, 2, 19.02, 1241, 83
71, 0, 0, 11, 11, 1, 0.00%, 0, 0, 2, 19.03, 1337, 83
76, 0, 0, 12, 12, 1, 0.00%, 0, 0, 2, 18.87, 1430, 84
81, 0, 0, 13, 13, 1, 0.00%, 0, 0, 2, 18.18, 1523, 85
87, 0, 0, 13, 13, 1, 0.00%, 0, 0, 2, 18.70, 1619, 85
92, 0, 0, 13, 13, 1, 0.00%, 0, 0, 2, 18.68, 1715, 85
97, 0, 0, 13, 13, 1, 0.00%, 0, 0, 2, 16.98, 1805, 85
102, 0, 0, 15, 15, 1, 0.00%, 0, 0, 2, 13.72, 1870, 87
107, 0, 0, 15, 15, 1, 0.00%, 0, 0, 2, 14.20, 1947, 87
112, 0, 0, 15, 15, 1, 0.00%, 0, 0, 2, 16.96, 2038, 87
117, 0, 0, 15, 15, 1, 0.00%, 0, 0, 2, 17.91, 2130, 87
123, 0, 0, 15, 15, 1, 0.00%, 0, 0, 2, 18.16, 2222, 87
128, 0, 0, 15, 15, 1, 0.00%, 0, 0, 2, 18.34, 2314, 87
133, 0, 0, 15, 15, 1, 0.00%, 0, 0, 2, 18.23, 2406, 87
138, 0, 0, 15, 15, 1, 0.00%, 0, 0, 2, 18.15, 2498, 87
143, 0, 0, 16, 16, 1, 0.00%, 0, 0, 2, 18.18, 2590, 91
148, 0, 0, 16, 16, 1, 0.00%, 0, 0, 2, 18.27, 2682, 91
153, 0, 0, 16, 16, 1, 0.00%, 0, 0, 2, 18.41, 2778, 91
158, 0, 0, 16, 16, 1, 0.00%, 0, 0, 2, 17.62, 2868, 91
163, 0, 0, 17, 17, 1, 0.00%, 0, 0, 2, 15.72, 2945, 91
168, 0, 0, 17, 17, 1, 0.00%, 0, 0, 2, 15.24, 3016, 91
174, 0, 0, 17, 17, 1, 0.00%, 0, 0, 2, 17.13, 3108, 91
179, 0, 0, 17, 17, 1, 0.00%, 0, 0, 2, 16.85, 3197, 91
184, 0, 0, 17, 17, 1, 0.00%, 0, 0, 2, 15.49, 3268, 91
189, 0, 0, 17, 17, 1, 0.00%, 0, 0, 2, 16.83, 3355, 91
194, 0, 0, 19, 19, 1, 0.00%, 0, 0, 2, 15.78, 3440, 100
200, 0, 0, 23, 23, 1, 0.00%, 0, 0, 2, 15.66, 3517, 104
205, 0, 0, 24, 24, 1, 0.00%, 0, 0, 2, 14.25, 3593, 105
210, 0, 0, 26, 26, 1, 0.00%, 0, 0, 2, 15.26, 3671, 107
215, 0, 0, 26, 26, 1, 0.00%, 0, 0, 2, 14.83, 3746, 107
220, 0, 0, 29, 29, 1, 0.00%, 0, 0, 2, 15.79, 3827, 107
225, 0, 0, 30, 30, 1, 0.00%, 0, 0, 2, 16.96, 3915, 107
231, 0, 0, 30, 30, 1, 0.00%, 0, 0, 2, 16.13, 3999, 107
236, 0, 0, 30, 30, 1, 0.00%, 0, 0, 2, 16.10, 4084, 107
241, 0, 0, 30, 30, 1, 0.00%, 0, 0, 2, 16.33, 4170, 107
246, 0, 0, 30, 30, 1, 0.00%, 0, 0, 2, 16.36, 4255, 107
251, 0, 0, 31, 31, 1, 0.00%, 0, 0, 2, 16.84, 4341, 107
257, 0, 0, 31, 31, 1, 0.00%, 0, 0, 2, 17.56, 4433, 107
262, 0, 0, 31, 31, 1, 0.00%, 0, 0, 2, 17.59, 4521, 107
267, 0, 0, 31, 31, 1, 0.00%, 0, 0, 2, 17.13, 4608, 107
272, 0, 0, 31, 31, 1, 0.00%, 0, 0, 2, 16.58, 4693, 107
277, 0, 0, 31, 31, 1, 0.00%, 0, 0, 2, 17.04, 4779, 107
282, 0, 0, 32, 32, 1, 0.00%, 0, 0, 2, 17.21, 4865, 109
287, 0, 0, 32, 32, 1, 0.00%, 0, 0, 2, 16.21, 4946, 109
292, 0, 0, 32, 32, 1, 0.00%, 0, 0, 2, 16.95, 5032, 109
297, 0, 0, 32, 32, 1, 0.00%, 0, 0, 2, 17.31, 5120, 109
302, 0, 23, 33, 32, 19, 0.00%, 0, 0, 2, 16.97, 5206, 112
307, 0, 23, 34, 33, 19, 0.00%, 0, 0, 3, 16.13, 5284, 113
312, 0, 23, 34, 33, 19, 0.00%, 0, 0, 3, 15.35, 5362, 113
318, 0, 3, 34, 32, 19, 0.00%, 0, 0, 3, 14.19, 5434, 113
323, 0, 3, 34, 32, 19, 0.00%, 1, 0, 3, 16.06, 5520, 113
328, 0, 3, 35, 33, 19, 0.00%, 1, 0, 3, 15.78, 5600, 118
333, 0, 12, 35, 31, 18, 0.00%, 1, 0, 3, 16.79, 5689, 118
338, 0, 12, 35, 31, 18, 0.00%, 1, 0, 3, 17.34, 5777, 118
343, 0, 12, 35, 31, 18, 0.00%, 1, 0, 3, 17.48, 5865, 118
348, 0, 2, 35, 30, 17, 0.00%, 1, 0, 3, 17.39, 5956, 118
353, 0, 2, 35, 30, 17, 0.00%, 1, 0, 3, 17.45, 6044, 118
358, 0, 33, 35, 29, 16, 0.00%, 1, 0, 3, 17.06, 6130, 118
363, 0, 33, 35, 29, 16, 0.00%, 1, 0, 3, 17.39, 6218, 118
368, 0, 33, 35, 29, 16, 0.00%, 1, 0, 3, 17.42, 6306, 118
374, 0, 18, 35, 28, 15, 0.00%, 1, 0, 3, 16.84, 6392, 118
379, 0, 18, 35, 28, 15, 0.00%, 1, 0, 3, 17.02, 6480, 118
384, 0, 22, 35, 27, 14, 0.00%, 1, 0, 3, 16.44, 6562, 118
389, 0, 22, 35, 27, 14, 0.00%, 1, 0, 3, 17.35, 6650, 118
394, 0, 9, 35, 26, 13, 0.00%, 1, 0, 3, 17.31, 6737, 118
399, 0, 9, 35, 26, 13, 0.00%, 1, 0, 3, 17.79, 6829, 118
404, 0, 9, 35, 26, 13, 0.00%, 1, 0, 3, 18.28, 6920, 118
409, 0, 24, 35, 25, 12, 0.00%, 1, 0, 3, 15.05, 6992, 118
415, 0, 24, 35, 25, 12, 0.00%, 1, 0, 3, 16.49, 7080, 118
420, 0, 24, 35, 25, 12, 0.00%, 1, 0, 3, 17.15, 7168, 118
425, 0, 8, 35, 24, 11, 0.00%, 1, 0, 3, 17.05, 7255, 118
430, 0, 8, 35, 24, 11, 0.00%, 1, 0, 3, 14.38, 7325, 118
435, 0, 13, 35, 23, 10, 0.00%, 1, 0, 3, 15.55, 7409, 118
440, 0, 13, 35, 23, 10, 0.00%, 1, 0, 3, 15.08, 7490, 118
446, 0, 13, 35, 23, 10, 0.00%, 1, 0, 3, 15.60, 7566, 118
451, 0, 18, 35, 22, 9, 0.00%, 1, 0, 3, 15.13, 7646, 118
456, 0, 18, 35, 22, 9, 0.00%, 1, 0, 3, 16.17, 7730, 118
461, 0, 34, 35, 22, 9, 0.00%, 1, 0, 3, 16.40, 7814, 118
466, 0, 34, 35, 22, 9, 0.00%, 1, 0, 3, 11.76, 7866, 118
471, 0, 34, 35, 22, 9, 0.00%, 1, 0, 3, 11.15, 7922, 118
476, 0, 34, 35, 22, 9, 0.00%, 1, 0, 3, 12.60, 7988, 118
481, 0, 34, 36, 23, 9, 0.00%, 1, 0, 4, 13.36, 8054, 118
486, 0, 11, 36, 22, 8, 0.00%, 1, 0, 4, 14.67, 8131, 118
492, 0, 11, 36, 22, 8, 0.00%, 1, 0, 4, 7.57, 8181, 118
497, 0, 11, 36, 22, 8, 0.00%, 1, 0, 4, 12.86, 8253, 118
502, 0, 14, 36, 21, 7, 0.00%, 1, 0, 4, 13.89, 8327, 118
507, 0, 14, 36, 21, 7, 0.00%, 1, 0, 4, 13.16, 8389, 118
512, 0, 14, 36, 21, 7, 0.00%, 1, 0, 4, 15.41, 8473, 118
517, 0, 17, 36, 20, 6, 0.00%, 1, 0, 4, 15.04, 8549, 118
522, 0, 17, 36, 20, 6, 0.00%, 1, 0, 4, 16.11, 8633, 118
527, 0, 17, 36, 20, 6, 0.00%, 1, 0, 4, 15.10, 8710, 118
532, 0, 10, 36, 19, 5, 0.00%, 1, 0, 4, 12.97, 8769, 118
537, 0, 10, 36, 19, 5, 0.00%, 1, 0, 4, 15.14, 8850, 118
543, 0, 31, 36, 18, 4, 0.00%, 1, 0, 4, 16.37, 8934, 118
548, 0, 31, 36, 18, 4, 0.00%, 1, 0, 4, 16.89, 9022, 118
553, 0, 31, 36, 18, 4, 0.00%, 1, 0, 4, 16.76, 9107, 118
558, 0, 21, 36, 17, 3, 0.00%, 1, 0, 4, 17.26, 9195, 118
563, 0, 21, 36, 17, 3, 0.00%, 1, 0, 4, 17.41, 9283, 118
568, 0, 1, 36, 16, 2, 0.00%, 1, 0, 4, 16.38, 9368, 118
573, 0, 27, 36, 16, 2, 0.00%, 1, 0, 4, 15.62, 9449, 118
578, 0, 27, 36, 16, 2, 0.00%, 1, 0, 4, 16.66, 9534, 118
584, 0, 32, 36, 15, 1, 0.00%, 1, 0, 4, 16.58, 9622, 118
589, 0, 32, 36, 15, 1, 0.00%, 1, 0, 4, 16.01, 9703, 118
594, 0, 32, 36, 15, 1, 0.00%, 1, 0, 4, 16.01, 9785, 118
598, 0, 32, 36, 15, 1, 0.00%, 1, 0, 4, 0.00, 9851, 118
