# unix_time, cycles_done, cur_path, paths_total, pending_total, pending_favs, map_size, unique_crashes, unique_hangs, max_depth, execs_per_sec
1676205947, 0, 0, 1, 1, 1, 0.11%, 0, 0, 1, 78.43
1676205952, 0, 0, 14, 14, 1, 0.17%, 0, 0, 2, 133.74
1676205957, 0, 0, 18, 18, 1, 0.20%, 0, 0, 2, 144.99
1676205967, 0, 0, 20, 20, 1, 0.21%, 0, 0, 2, 148.20
1676205977, 0, 0, 21, 21, 1, 0.21%, 0, 0, 2, 147.87
1676206013, 0, 0, 41, 41, 1, 0.23%, 0, 0, 2, 146.91
1676206018, 0, 0, 64, 64, 1, 0.24%, 0, 0, 2, 148.24
1676206023, 0, 0, 75, 75, 1, 0.25%, 0, 0, 2, 148.70
1676206029, 0, 0, 82, 82, 1, 0.25%, 0, 0, 2, 148.89
1676206034, 0, 0, 89, 89, 1, 0.25%, 0, 0, 2, 149.18
1676206039, 0, 0, 91, 91, 1, 0.25%, 0, 0, 2, 147.86
1676206044, 0, 0, 92, 92, 1, 0.25%, 0, 0, 2, 148.67
1676206049, 0, 0, 93, 93, 1, 0.25%, 0, 0, 2, 149.04
1676206054, 0, 0, 95, 95, 1, 0.25%, 0, 0, 2, 149.00
1676206064, 0, 0, 96, 96, 1, 0.25%, 0, 0, 2, 148.18
1676206069, 0, 0, 97, 97, 1, 0.25%, 0, 0, 2, 148.68
1676206090, 0, 0, 98, 98, 1, 0.25%, 0, 0, 2, 149.00
1676206105, 0, 0, 99, 99, 1, 0.25%, 0, 0, 2, 149.25
1676206130, 0, 0, 100, 100, 1, 0.25%, 0, 0, 2, 149.30
1676206176, 0, 0, 101, 101, 1, 0.25%, 0, 0, 2, 148.70
1676206181, 0, 0, 102, 102, 1, 0.25%, 0, 0, 2, 148.61
1676206227, 0, 0, 103, 103, 1, 0.25%, 0, 0, 2, 148.96
1676206237, 0, 100, 103, 102, 17, 0.25%, 0, 0, 2, 145.77
1676206319, 0, 100, 104, 103, 17, 0.25%, 0, 0, 3, 145.29
1676206324, 0, 100, 106, 105, 17, 0.25%, 0, 0, 3, 145.04
1676206345, 0, 100, 108, 107, 17, 0.25%, 0, 0, 3, 144.69
1676206350, 0, 100, 110, 109, 17, 0.25%, 0, 0, 3, 143.86
1676206360, 0, 100, 111, 110, 17, 0.25%, 0, 0, 3, 144.35
1676206365, 0, 100, 112, 111, 17, 0.25%, 0, 0, 3, 144.54
1676206376, 0, 100, 113, 112, 17, 0.25%, 0, 0, 3, 144.57
