# relative_time, cycles_done, cur_item, corpus_count, pending_total, pending_favs, map_size, saved_crashes, saved_hangs, max_depth, execs_per_sec, total_execs, edges_found
61, 0, 0, 10, 10, 1, 0.00%, 0, 0, 2, 19.17, 1182, 118
66, 0, 0, 10, 10, 1, 0.00%, 0, 0, 2, 19.48, 1282, 118
71, 0, 0, 11, 11, 1, 0.00%, 0, 0, 2, 19.51, 1379, 123
76, 0, 0, 12, 12, 1, 0.00%, 0, 0, 2, 19.59, 1477, 124
81, 0, 0, 12, 12, 1, 0.00%, 0, 0, 2, 19.36, 1576, 124
86, 0, 0, 12, 12, 1, 0.00%, 0, 0, 2, 19.50, 1676, 124
91, 0, 0, 12, 12, 1, 0.00%, 0, 0, 2, 19.62, 1776, 124
96, 0, 0, 12, 12, 1, 0.00%, 0, 0, 2, 19.60, 1876, 124
101, 0, 0, 13, 13, 1, 0.00%, 0, 0, 2, 19.13, 1972, 125
107, 0, 0, 14, 14, 1, 0.00%, 0, 0, 2, 19.19, 2069, 126
112, 0, 0, 14, 14, 1, 0.00%, 0, 0, 2, 19.40, 2169, 126
117, 0, 0, 14, 14, 1, 0.00%, 0, 0, 2, 19.51, 2269, 126
122, 0, 0, 15, 15, 1, 0.00%, 0, 0, 2, 19.45, 2365, 133
127, 0, 0, 15, 15, 1, 0.00%, 0, 0, 2, 19.47, 2465, 133
132, 0, 0, 15, 15, 1, 0.00%, 0, 0, 2, 19.63, 2566, 133
137, 0, 0, 16, 16, 1, 0.00%, 0, 0, 2, 19.29, 2663, 135
142, 0, 0, 16, 16, 1, 0.00%, 0, 0, 2, 19.28, 2763, 135
148, 0, 0, 16, 16, 1, 0.00%, 0, 0, 2, 19.57, 2863, 135
153, 0, 0, 16, 16, 1, 0.00%, 0, 0, 2, 19.50, 2963, 135
158, 0, 0, 16, 16, 1, 0.00%, 0, 0, 2, 19.57, 3063, 135
163, 0, 0, 18, 18, 1, 0.00%, 0, 0, 2, 19.33, 3158, 137
168, 0, 0, 18, 18, 1, 0.00%, 0, 0, 2, 19.43, 3258, 137
173, 0, 0, 19, 19, 1, 0.00%, 0, 0, 2, 19.28, 3357, 138
179, 0, 0, 25, 25, 1, 0.00%, 0, 0, 2, 18.19, 3453, 144
184, 0, 0, 29, 29, 1, 0.00%, 0, 0, 2, 18.52, 3546, 145
189, 0, 0, 32, 32, 1, 0.00%, 0, 0, 2, 18.82, 3640, 145
194, 0, 0, 35, 35, 1, 0.00%, 0, 0, 2, 19.03, 3732, 147
199, 0, 0, 37, 37, 1, 0.00%, 0, 0, 2, 19.05, 3828, 147
204, 0, 0, 38, 38, 1, 0.00%, 0, 0, 2, 19.06, 3924, 147
210, 0, 0, 39, 39, 1, 0.00%, 0, 0, 2, 19.23, 4023, 147
215, 0, 0, 39, 39, 1, 0.00%, 0, 0, 2, 19.32, 4120, 147
220, 0, 0, 39, 39, 1, 0.00%, 0, 0, 2, 19.45, 4220, 147
225, 0, 0, 40, 40, 1, 0.00%, 0, 0, 2, 19.09, 4314, 147
230, 0, 0, 40, 40, 1, 0.00%, 0, 0, 2, 19.30, 4414, 147
235, 0, 0, 41, 41, 1, 0.00%, 0, 0, 2, 19.24, 4512, 147
240, 0, 0, 41, 41, 1, 0.00%, 0, 0, 2, 18.48, 4607, 147
245, 0, 0, 42, 42, 1, 0.00%, 0, 0, 2, 18.91, 4702, 147
250, 0, 0, 42, 42, 1, 0.00%, 0, 0, 2, 19.31, 4802, 147
256, 0, 0, 42, 42, 1, 0.00%, 0, 0, 2, 19.38, 4902, 147
261, 0, 0, 42, 42, 1, 0.00%, 0, 0, 2, 19.46, 5003, 147
266, 0, 0, 44, 44, 1, 0.00%, 0, 0, 2, 18.76, 5104, 147
271, 0, 0, 44, 44, 1, 0.00%, 0, 0, 2, 19.21, 5204, 147
277, 0, 0, 45, 45, 1, 0.00%, 0, 0, 2, 19.23, 5299, 147
282, 0, 5, 45, 44, 20, 0.00%, 0, 0, 2, 19.29, 5395, 147
287, 0, 5, 46, 45, 20, 0.00%, 0, 0, 3, 19.25, 5492, 149
292, 0, 9, 46, 43, 17, 0.00%, 0, 0, 3, 19.20, 5588, 149
297, 0, 9, 47, 44, 17, 0.00%, 1, 0, 3, 18.96, 5685, 152
302, 0, 9, 47, 44, 17, 0.00%, 1, 0, 3, 19.12, 5784, 152
307, 0, 46, 47, 43, 16, 0.00%, 1, 0, 3, 18.95, 5878, 152
312, 0, 46, 47, 43, 16, 0.00%, 1, 0, 3, 19.27, 5978, 152
317, 0, 3, 47, 42, 15, 0.00%, 1, 0, 3, 18.85, 6073, 152
322, 0, 3, 47, 42, 15, 0.00%, 1, 0, 3, 19.24, 6173, 152
327, 0, 3, 51, 46, 15, 0.00%, 1, 0, 3, 18.40, 6260, 155
333, 0, 3, 51, 46, 15, 0.00%, 1, 0, 3, 19.31, 6361, 155
338, 0, 3, 54, 49, 15, 0.00%, 1, 0, 3, 19.10, 6455, 157
343, 0, 3, 56, 51, 15, 0.00%, 1, 0, 3, 19.11, 6552, 158
348, 0, 3, 58, 53, 15, 0.00%, 1, 0, 3, 19.14, 6646, 159
353, 0, 3, 60, 55, 15, 0.00%, 1, 0, 3, 19.15, 6742, 159
358, 0, 3, 61, 56, 15, 0.00%, 1, 0, 3, 19.07, 6837, 159
363, 0, 3, 62, 57, 15, 0.00%, 1, 0, 3, 19.13, 6934, 159
368, 0, 3, 63, 58, 15, 0.00%, 1, 0, 3, 19.33, 7033, 159
373, 0, 3, 64, 59, 15, 0.00%, 1, 0, 3, 19.24, 7128, 159
379, 0, 3, 64, 59, 15, 0.00%, 1, 0, 3, 19.32, 7228, 159
384, 0, 3, 65, 60, 15, 0.00%, 1, 0, 3, 19.20, 7324, 159
389, 0, 3, 65, 60, 15, 0.00%, 1, 0, 3, 19.24, 7424, 159
394, 0, 3, 66, 61, 15, 0.00%, 1, 0, 3, 19.13, 7523, 159
399, 0, 3, 66, 61, 15, 0.00%, 1, 0, 3, 19.35, 7623, 159
404, 0, 3, 66, 61, 15, 0.00%, 1, 0, 3, 20.29, 7725, 159
409, 0, 3, 66, 61, 15, 0.00%, 1, 0, 3, 19.52, 7825, 159
415, 0, 32, 66, 60, 19, 0.00%, 1, 0, 3, 18.87, 7924, 159
420, 0, 32, 66, 60, 19, 0.00%, 1, 0, 3, 19.21, 8024, 159
425, 0, 32, 66, 60, 19, 0.00%, 1, 0, 3, 19.27, 8124, 159
430, 0, 8, 66, 59, 18, 0.00%, 1, 0, 3, 19.32, 8224, 159
435, 0, 8, 67, 60, 18, 0.00%, 1, 0, 3, 19.32, 8320, 159
440, 0, 62, 67, 59, 17, 0.00%, 1, 0, 3, 18.94, 8417, 159
446, 0, 62, 67, 59, 17, 0.00%, 1, 0, 3, 19.36, 8517, 159
451, 0, 12, 67, 58, 16, 0.00%, 1, 0, 3, 18.88, 8612, 159
456, 0, 12, 67, 58, 16, 0.00%, 1, 0, 3, 19.28, 8712, 159
461, 0, 6, 67, 57, 15, 0.00%, 1, 0, 3, 19.45, 8812, 159
466, 0, 6, 67, 57, 15, 0.00%, 1, 0, 3, 19.36, 8912, 159
471, 0, 63, 67, 56, 14, 0.00%, 1, 0, 3, 18.22, 9000, 159
476, 0, 63, 68, 57, 14, 0.00%, 1, 0, 4, 21.38, 9106, 159
481, 0, 63, 68, 57, 14, 0.00%, 1, 0, 4, 24.18, 9234, 159
867, 0, 67, 68, 55, 12, 0.00%, 1, 0, 4, 0.01, 9324, 159
872, 0, 67, 68, 55, 12, 0.00%, 1, 0, 4, 25.15, 9453, 159
877, 0, 9, 68, 54, 11, 0.00%, 1, 0, 4, 25.17, 9584, 159
882, 0, 9, 68, 54, 11, 0.00%, 1, 0, 4, 25.52, 9715, 159
887, 0, 37, 68, 54, 11, 0.00%, 1, 0, 4, 25.50, 9844, 159
892, 0, 10, 68, 53, 10, 0.00%, 1, 0, 4, 24.96, 9973, 159
897, 0, 10, 68, 53, 10, 0.00%, 1, 0, 4, 25.44, 10103, 159
902, 0, 4, 69, 53, 9, 0.00%, 1, 0, 4, 23.84, 10215, 159
907, 0, 4, 69, 53, 9, 0.00%, 1, 0, 4, 24.93, 10342, 159
913, 0, 55, 70, 53, 8, 0.00%, 1, 0, 4, 25.21, 10474, 159
918, 0, 55, 70, 53, 8, 0.00%, 1, 0, 4, 25.56, 10606, 159
923, 0, 58, 70, 52, 7, 0.00%, 1, 0, 4, 25.14, 10733, 159
1844, 0, 58, 70, 52, 7, 0.00%, 1, 0, 4, 0.00, 10821, 159
1849, 0, 45, 70, 51, 6, 0.00%, 1, 0, 4, 23.35, 10949, 159
1854, 0, 45, 70, 51, 6, 0.00%, 1, 0, 4, 24.92, 11077, 159
1859, 0, 57, 70, 50, 5, 0.00%, 1, 0, 4, 25.09, 11204, 159
1864, 0, 57, 70, 50, 5, 0.00%, 1, 0, 4, 25.37, 11334, 159
1869, 0, 14, 70, 49, 4, 0.00%, 1, 0, 4, 25.23, 11463, 159
1874, 0, 70, 71, 49, 5, 0.00%, 1, 0, 4, 24.52, 11584, 159
1880, 0, 70, 71, 49, 5, 0.00%, 1, 0, 4, 24.96, 11714, 159
1885, 0, 70, 71, 49, 5, 0.00%, 1, 0, 4, 25.49, 11845, 159
1890, 0, 5, 71, 48, 4, 0.00%, 1, 0, 4, 25.43, 11974, 159
1895, 0, 5, 72, 49, 4, 0.00%, 1, 0, 4, 25.54, 12101, 159
1897, 0, 52, 72, 49, 4, 0.00%, 1, 0, 4, 25.03, 12149, 159
