# unix_time, cycles_done, cur_path, paths_total, pending_total, pending_favs, map_size, unique_crashes, unique_hangs, max_depth, execs_per_sec
1676199065, 0, 0, 1, 1, 1, 0.32%, 0, 0, 1, 77.67
1676199070, 0, 0, 25, 25, 1, 0.40%, 0, 0, 2, 112.05
1676199075, 0, 0, 40, 40, 1, 0.44%, 0, 0, 2, 118.08
1676199080, 0, 0, 53, 53, 1, 0.44%, 0, 0, 2, 120.50
1676199086, 0, 0, 57, 57, 1, 0.44%, 0, 0, 2, 120.70
1676199096, 0, 0, 62, 62, 1, 0.49%, 0, 0, 2, 120.57
1676199131, 0, 0, 63, 63, 1, 0.49%, 0, 0, 2, 120.30
1676199147, 0, 0, 64, 64, 1, 0.50%, 0, 0, 2, 120.53
1676199239, 0, 0, 83, 83, 1, 0.51%, 0, 0, 2, 122.43
1676199244, 0, 0, 101, 101, 1, 0.51%, 0, 0, 2, 123.81
1676199249, 0, 0, 111, 111, 1, 0.51%, 0, 0, 2, 124.16
1676199254, 0, 0, 115, 115, 1, 0.51%, 0, 0, 2, 124.26
1676199259, 0, 0, 118, 118, 1, 0.51%, 1, 0, 2, 124.12
1676199264, 0, 0, 119, 119, 1, 0.51%, 1, 0, 2, 124.45
1676199269, 0, 0, 121, 121, 1, 0.51%, 1, 0, 2, 124.53
1676199279, 0, 0, 122, 122, 1, 0.51%, 1, 0, 2, 124.62
1676199284, 0, 0, 123, 123, 1, 0.51%, 1, 0, 2, 124.58
1676199289, 0, 0, 124, 124, 1, 0.51%, 1, 0, 2, 124.09
1676199294, 0, 0, 125, 125, 1, 0.51%, 1, 0, 2, 124.20
1676199324, 0, 0, 127, 127, 1, 0.51%, 1, 0, 2, 124.23
1676199364, 0, 0, 128, 128, 1, 0.51%, 1, 0, 2, 123.71
1676199369, 0, 0, 129, 129, 1, 0.51%, 1, 0, 2, 123.58
1676199400, 0, 0, 131, 131, 1, 0.51%, 1, 0, 2, 124.33
1676199405, 0, 0, 132, 132, 1, 0.51%, 1, 0, 2, 124.54
1676199425, 0, 0, 133, 133, 1, 0.51%, 1, 0, 2, 123.97
1676199430, 0, 0, 134, 134, 1, 0.51%, 1, 0, 2, 124.53
1676199475, 0, 0, 135, 135, 1, 0.51%, 1, 0, 2, 123.94
1676199495, 0, 0, 136, 136, 1, 0.51%, 1, 0, 2, 124.20
1676199505, 0, 0, 137, 137, 1, 0.51%, 1, 0, 2, 124.35
1676199510, 0, 38, 137, 136, 15, 0.51%, 1, 0, 2, 120.23
