# unix_time, cycles_done, cur_path, paths_total, pending_total, pending_favs, map_size, unique_crashes, unique_hangs, max_depth, execs_per_sec
1676213912, 0, 0, 1, 1, 1, 0.14%, 0, 0, 1, 76.19
1676213917, 0, 0, 33, 33, 1, 0.18%, 0, 0, 2, 130.51
1676213923, 0, 0, 37, 37, 1, 0.18%, 0, 0, 2, 141.55
1676213928, 0, 0, 45, 45, 1, 0.19%, 0, 0, 2, 143.77
1676213933, 0, 0, 49, 49, 1, 0.20%, 0, 0, 2, 144.22
1676213938, 0, 0, 52, 52, 1, 0.20%, 0, 0, 2, 143.55
1676213943, 0, 0, 55, 55, 1, 0.20%, 0, 0, 2, 143.99
1676213949, 0, 0, 56, 56, 1, 0.21%, 0, 0, 2, 143.73
1676213989, 0, 0, 62, 62, 1, 0.22%, 0, 0, 2, 143.96
1676213994, 0, 0, 74, 74, 1, 0.22%, 0, 0, 2, 144.37
1676213999, 0, 0, 79, 79, 1, 0.22%, 0, 0, 2, 144.16
1676214004, 0, 0, 83, 83, 1, 0.22%, 0, 0, 2, 144.29
1676214020, 0, 0, 84, 84, 1, 0.22%, 0, 0, 2, 144.33
1676214025, 0, 0, 85, 85, 1, 0.22%, 0, 0, 2, 144.13
1676214030, 0, 0, 88, 88, 1, 0.22%, 0, 0, 2, 144.30
1676214035, 0, 0, 90, 90, 1, 0.22%, 0, 0, 2, 144.20
1676214041, 0, 0, 91, 91, 1, 0.22%, 0, 0, 2, 144.13
1676214056, 0, 0, 92, 92, 1, 0.22%, 0, 0, 2, 143.61
1676214072, 0, 0, 93, 93, 1, 0.22%, 0, 0, 2, 143.92
1676214092, 0, 0, 94, 94, 1, 0.22%, 0, 0, 2, 144.14
1676214123, 0, 0, 95, 95, 1, 0.22%, 0, 0, 2, 143.64
1676214143, 0, 0, 95, 95, 1, 0.22%, 1, 0, 2, 144.33
1676214194, 0, 0, 96, 96, 1, 0.22%, 1, 0, 2, 143.52
1676214200, 0, 0, 97, 97, 1, 0.22%, 1, 0, 2, 144.04
1676214220, 0, 38, 97, 96, 17, 0.22%, 1, 0, 2, 143.59
1676214225, 0, 38, 99, 98, 17, 0.22%, 1, 0, 3, 143.04
1676214235, 0, 38, 100, 99, 17, 0.22%, 1, 0, 3, 142.06
1676214251, 0, 38, 101, 100, 17, 0.22%, 1, 0, 3, 142.67
1676214256, 0, 38, 102, 101, 17, 0.22%, 1, 0, 3, 142.01
1676214271, 0, 38, 104, 103, 17, 0.22%, 1, 0, 3, 141.74
1676214281, 0, 38, 108, 107, 17, 0.22%, 1, 0, 3, 141.96
1676214286, 0, 38, 109, 108, 17, 0.22%, 1, 0, 3, 142.05
1676214291, 0, 38, 111, 110, 17, 0.22%, 1, 0, 3, 141.89
1676214301, 0, 38, 112, 111, 17, 0.22%, 1, 0, 3, 141.72
1676214326, 0, 38, 113, 112, 17, 0.22%, 1, 0, 3, 142.19
1676214341, 0, 38, 114, 113, 17, 0.22%, 1, 0, 3, 142.29
1676214357, 0, 38, 115, 114, 17, 0.22%, 1, 0, 3, 141.59
