# unix_time, cycles_done, cur_path, paths_total, pending_total, pending_favs, map_size, unique_crashes, unique_hangs, max_depth, execs_per_sec
1676224219, 0, 0, 1, 1, 1, 0.27%, 0, 0, 1, 81.63
1676224224, 0, 0, 23, 23, 1, 0.33%, 0, 0, 2, 120.50
1676224229, 0, 0, 43, 43, 1, 0.34%, 0, 0, 2, 129.76
1676224240, 0, 0, 50, 50, 1, 0.37%, 0, 0, 2, 131.71
1676224245, 0, 0, 53, 53, 1, 0.38%, 0, 0, 2, 131.72
1676224286, 0, 0, 54, 54, 1, 0.38%, 0, 0, 2, 134.72
1676224347, 0, 0, 74, 74, 1, 0.40%, 0, 0, 2, 133.12
1676224353, 0, 0, 82, 82, 1, 0.40%, 0, 0, 2, 134.71
1676224358, 0, 0, 83, 83, 1, 0.40%, 0, 0, 2, 135.01
1676224373, 0, 0, 84, 84, 1, 0.40%, 0, 0, 2, 135.43
1676224378, 0, 0, 85, 85, 1, 0.40%, 0, 0, 2, 134.85
1676224399, 0, 0, 86, 86, 1, 0.40%, 0, 0, 2, 135.07
1676224404, 0, 0, 87, 87, 1, 0.40%, 0, 0, 2, 135.29
1676224415, 0, 0, 88, 88, 1, 0.41%, 0, 0, 2, 134.89
1676224425, 0, 0, 88, 88, 1, 0.41%, 1, 0, 2, 134.81
1676224461, 0, 0, 89, 89, 1, 0.41%, 1, 0, 2, 134.62
1676224467, 0, 0, 90, 90, 1, 0.41%, 1, 0, 2, 135.10
1676224482, 0, 0, 92, 92, 1, 0.41%, 1, 0, 2, 135.41
1676224498, 0, 0, 94, 94, 1, 0.41%, 1, 0, 2, 135.03
1676224539, 0, 0, 95, 95, 1, 0.41%, 1, 0, 2, 128.21
1676224544, 0, 0, 97, 97, 1, 0.41%, 1, 0, 2, 131.43
1676224594, 0, 92, 97, 96, 18, 0.41%, 1, 0, 2, 128.63
