# unix_time, cycles_done, cur_path, paths_total, pending_total, pending_favs, map_size, unique_crashes, unique_hangs, max_depth, execs_per_sec
1676160728, 0, 0, 1, 1, 1, 0.13%, 0, 0, 1, 29.96
1676160733, 0, 0, 3, 3, 1, 0.14%, 0, 0, 2, 36.14
1676160764, 0, 0, 4, 4, 1, 0.14%, 0, 0, 2, 37.23
1676160769, 0, 0, 7, 7, 1, 0.16%, 0, 0, 2, 37.80
1676160774, 0, 0, 8, 8, 1, 0.17%, 0, 0, 2, 37.86
1676160800, 0, 0, 9, 9, 1, 0.17%, 0, 0, 2, 37.22
1676160805, 0, 0, 12, 12, 1, 0.19%, 0, 0, 2, 37.74
1676160810, 0, 0, 13, 13, 1, 0.19%, 0, 0, 2, 38.03
1676160815, 0, 0, 14, 14, 1, 0.19%, 0, 0, 2, 38.19
1676160820, 0, 0, 15, 15, 1, 0.20%, 0, 0, 2, 37.74
1676160825, 0, 0, 16, 16, 1, 0.20%, 0, 0, 2, 37.73
1676161108, 0, 0, 17, 17, 1, 0.20%, 0, 0, 2, 45.59
1676161113, 0, 0, 18, 18, 1, 0.21%, 0, 0, 2, 45.85
1676161123, 0, 0, 19, 19, 1, 0.21%, 0, 0, 2, 45.19
1676161138, 0, 0, 20, 20, 1, 0.21%, 0, 0, 2, 46.86
1676161148, 0, 11, 20, 19, 10, 0.21%, 0, 0, 2, 44.10
1676161153, 0, 11, 23, 22, 10, 0.21%, 0, 0, 3, 43.16
1676161168, 0, 11, 36, 35, 10, 0.22%, 0, 0, 3, 43.96
1676161173, 0, 11, 45, 44, 10, 0.22%, 0, 0, 3, 43.59
1676161178, 0, 11, 53, 52, 10, 0.22%, 0, 0, 3, 42.03
1676161184, 0, 11, 56, 55, 10, 0.22%, 0, 0, 3, 43.95
1676161189, 0, 11, 58, 57, 10, 0.22%, 0, 0, 3, 43.70
1676161194, 0, 11, 60, 59, 10, 0.22%, 0, 0, 3, 43.25
1676161199, 0, 11, 62, 61, 10, 0.22%, 0, 0, 3, 43.30
1676161204, 0, 11, 66, 65, 10, 0.22%, 0, 0, 3, 43.59
1676161229, 0, 11, 67, 66, 10, 0.22%, 0, 0, 3, 43.14
1676161239, 0, 11, 68, 67, 10, 0.22%, 0, 0, 3, 42.51
1676161250, 0, 11, 70, 69, 10, 0.23%, 0, 0, 3, 42.48
1676161255, 0, 11, 71, 70, 10, 0.23%, 0, 0, 3, 42.15
1676161270, 0, 11, 72, 71, 10, 0.23%, 0, 0, 3, 42.26
1676161306, 0, 11, 73, 72, 10, 0.23%, 0, 0, 3, 42.19
1676161316, 0, 11, 75, 74, 10, 0.23%, 0, 0, 3, 41.64
1676161331, 0, 73, 76, 74, 13, 0.23%, 0, 0, 4, 41.83
1676161412, 0, 73, 78, 76, 13, 0.24%, 0, 0, 4, 42.10
1676161418, 0, 73, 81, 79, 13, 0.24%, 0, 0, 4, 41.60
1676161428, 0, 73, 82, 80, 13, 0.24%, 0, 0, 4, 41.28
1676161433, 0, 73, 84, 82, 13, 0.24%, 0, 0, 4, 41.52
1676161438, 0, 73, 85, 83, 13, 0.24%, 0, 0, 4, 40.84
1676161453, 0, 73, 86, 84, 13, 0.24%, 0, 0, 4, 48.49
1676161458, 0, 73, 88, 86, 13, 0.24%, 0, 0, 4, 43.02
1676161469, 0, 73, 90, 88, 13, 0.24%, 0, 0, 4, 41.05
1676161474, 0, 73, 91, 89, 13, 0.24%, 0, 0, 4, 40.69
1676161489, 0, 73, 92, 90, 13, 0.24%, 0, 0, 4, 40.10
1676161519, 0, 73, 93, 91, 13, 0.24%, 0, 0, 4, 38.85
1676161525, 0, 73, 94, 92, 13, 0.24%, 0, 0, 4, 39.11
1676161545, 0, 73, 95, 93, 13, 0.24%, 0, 0, 4, 44.80
