# unix_time, cycles_done, cur_path, paths_total, pending_total, pending_favs, map_size, unique_crashes, unique_hangs, max_depth, execs_per_sec
1676179376, 0, 0, 1, 1, 1, 0.07%, 0, 0, 1, 79.21
1676179381, 0, 0, 3, 3, 1, 0.08%, 0, 0, 2, 105.48
1676179392, 0, 0, 8, 8, 1, 0.11%, 0, 0, 2, 111.56
1676179397, 0, 0, 12, 12, 1, 0.12%, 0, 0, 2, 111.13
1676179402, 0, 0, 13, 13, 1, 0.12%, 0, 0, 2, 127.27
1676179407, 0, 0, 14, 14, 1, 0.13%, 0, 0, 2, 131.64
1676179427, 0, 0, 15, 15, 1, 0.13%, 0, 0, 2, 129.55
1676179432, 0, 0, 16, 16, 1, 0.13%, 0, 0, 2, 130.64
1676179437, 0, 0, 17, 17, 1, 0.13%, 0, 0, 2, 127.60
1676179442, 0, 0, 18, 18, 1, 0.13%, 0, 0, 2, 125.86
1676179453, 0, 0, 19, 19, 1, 0.13%, 0, 0, 2, 125.50
1676179473, 0, 0, 20, 20, 1, 0.13%, 0, 0, 2, 124.44
1676179518, 0, 0, 21, 21, 1, 0.13%, 0, 0, 2, 123.17
1676179757, 0, 15, 22, 21, 12, 0.13%, 0, 0, 3, 127.84
1676179773, 0, 15, 23, 22, 12, 0.13%, 0, 0, 3, 126.84
1676179814, 0, 15, 24, 23, 12, 0.14%, 0, 0, 3, 118.51
1676179824, 0, 22, 25, 23, 13, 0.14%, 0, 0, 4, 119.96
1676179865, 0, 22, 28, 26, 13, 0.14%, 0, 0, 4, 121.75
1676179870, 0, 22, 30, 28, 13, 0.14%, 0, 0, 4, 115.17
1676179875, 0, 22, 31, 29, 13, 0.14%, 0, 0, 4, 120.48
1676179905, 0, 22, 32, 30, 13, 0.14%, 0, 0, 4, 122.06
1676179920, 0, 22, 32, 30, 13, 0.14%, 1, 0, 4, 121.91
