# unix_time, cycles_done, cur_path, paths_total, pending_total, pending_favs, map_size, unique_crashes, unique_hangs, max_depth, execs_per_sec
1676224669, 0, 0, 1, 1, 1, 0.40%, 0, 0, 1, 55.94
1676224674, 0, 0, 27, 27, 1, 0.49%, 0, 0, 2, 106.07
1676224680, 0, 0, 39, 39, 1, 0.50%, 0, 0, 2, 115.06
1676224685, 0, 0, 56, 56, 1, 0.51%, 0, 0, 2, 119.88
1676224690, 0, 0, 64, 64, 1, 0.51%, 0, 0, 2, 118.58
1676224695, 0, 0, 65, 65, 1, 0.51%, 0, 0, 2, 119.61
1676224700, 0, 0, 70, 70, 1, 0.54%, 0, 0, 2, 119.28
1676224705, 0, 0, 75, 75, 1, 0.57%, 0, 0, 2, 119.72
1676224859, 0, 0, 88, 88, 1, 0.59%, 0, 0, 2, 119.56
1676224864, 0, 0, 105, 105, 1, 0.59%, 0, 0, 2, 123.05
1676224869, 0, 0, 109, 109, 1, 0.59%, 0, 0, 2, 124.06
1676224874, 0, 0, 113, 113, 1, 0.59%, 0, 0, 2, 124.41
1676224879, 0, 0, 115, 115, 1, 0.59%, 0, 0, 2, 124.71
1676224885, 0, 0, 117, 117, 1, 0.59%, 0, 0, 2, 124.06
1676224895, 0, 0, 118, 118, 1, 0.59%, 0, 0, 2, 124.20
1676224900, 0, 0, 120, 120, 1, 0.59%, 0, 0, 2, 124.51
1676224915, 0, 0, 121, 121, 1, 0.59%, 0, 0, 2, 124.22
1676224920, 0, 0, 122, 122, 1, 0.59%, 0, 0, 2, 123.90
1676224930, 0, 0, 123, 123, 1, 0.59%, 1, 0, 2, 124.20
1676224985, 0, 0, 124, 124, 1, 0.59%, 1, 0, 2, 124.42
1676224995, 0, 118, 124, 123, 18, 0.59%, 1, 0, 2, 121.72
1676225000, 0, 118, 125, 124, 18, 0.60%, 1, 0, 3, 121.98
1676225086, 0, 124, 125, 123, 19, 0.60%, 1, 0, 3, 122.79
