# relative_time, cycles_done, cur_item, corpus_count, pending_total, pending_favs, map_size, saved_crashes, saved_hangs, max_depth, execs_per_sec, total_execs, edges_found
61, 0, 0, 14, 14, 1, 0.00%, 0, 0, 2, 19.13, 1170, 130
66, 0, 0, 14, 14, 1, 0.00%, 0, 0, 2, 19.41, 1270, 130
71, 0, 0, 14, 14, 1, 0.00%, 0, 0, 2, 19.43, 1370, 130
76, 0, 0, 14, 14, 1, 0.00%, 0, 0, 2, 18.91, 1466, 130
82, 0, 0, 14, 14, 1, 0.00%, 0, 0, 2, 19.22, 1566, 130
87, 0, 0, 15, 15, 1, 0.00%, 0, 0, 2, 19.23, 1664, 132
92, 0, 0, 15, 15, 1, 0.00%, 0, 0, 2, 19.13, 1760, 132
97, 0, 0, 15, 15, 1, 0.00%, 0, 0, 2, 18.94, 1856, 132
102, 0, 0, 15, 15, 1, 0.00%, 0, 0, 2, 19.20, 1956, 132
107, 0, 0, 15, 15, 1, 0.00%, 0, 0, 2, 18.88, 2052, 132
112, 0, 0, 15, 15, 1, 0.00%, 0, 0, 2, 17.87, 2141, 132
117, 0, 0, 16, 16, 1, 0.00%, 0, 0, 2, 17.76, 2228, 132
122, 0, 0, 16, 16, 1, 0.00%, 0, 0, 2, 18.58, 2323, 132
127, 0, 0, 16, 16, 1, 0.00%, 0, 0, 2, 19.00, 2419, 132
132, 0, 0, 16, 16, 1, 0.00%, 0, 0, 2, 18.59, 2514, 132
137, 0, 0, 17, 17, 1, 0.00%, 0, 0, 2, 18.70, 2607, 138
143, 0, 0, 17, 17, 1, 0.00%, 0, 0, 2, 18.92, 2703, 138
148, 0, 0, 17, 17, 1, 0.00%, 0, 0, 2, 18.91, 2799, 138
153, 0, 0, 17, 17, 1, 0.00%, 0, 0, 2, 18.81, 2895, 138
158, 0, 0, 17, 17, 1, 0.00%, 0, 0, 2, 18.89, 2991, 138
163, 0, 0, 17, 17, 1, 0.00%, 0, 0, 2, 18.87, 3087, 138
168, 0, 0, 18, 18, 1, 0.00%, 0, 0, 2, 18.47, 3183, 138
173, 0, 0, 18, 18, 1, 0.00%, 0, 0, 2, 18.78, 3279, 138
178, 0, 0, 19, 19, 1, 0.00%, 0, 0, 2, 18.84, 3375, 138
183, 0, 0, 26, 26, 1, 0.00%, 0, 0, 2, 17.76, 3458, 146
189, 0, 0, 31, 31, 1, 0.00%, 0, 0, 2, 17.94, 3547, 147
194, 0, 0, 34, 34, 1, 0.00%, 0, 0, 2, 17.94, 3640, 151
199, 0, 0, 35, 35, 1, 0.00%, 0, 0, 2, 18.26, 3733, 151
204, 0, 0, 36, 36, 1, 0.00%, 0, 0, 2, 18.54, 3827, 151
209, 0, 0, 36, 36, 1, 0.00%, 0, 0, 2, 18.91, 3923, 151
214, 0, 0, 37, 37, 1, 0.00%, 0, 0, 2, 18.80, 4016, 151
219, 0, 0, 38, 38, 1, 0.00%, 0, 0, 2, 18.85, 4113, 151
225, 0, 0, 39, 39, 1, 0.00%, 0, 0, 2, 18.91, 4208, 151
230, 0, 0, 39, 39, 1, 0.00%, 0, 0, 2, 19.13, 4308, 151
235, 0, 0, 39, 39, 1, 0.00%, 0, 0, 2, 19.10, 4404, 151
240, 0, 0, 39, 39, 1, 0.00%, 0, 0, 2, 18.73, 4498, 151
245, 0, 0, 39, 39, 1, 0.00%, 0, 0, 2, 18.81, 4594, 151
250, 0, 0, 39, 39, 1, 0.00%, 0, 0, 2, 19.02, 4690, 151
255, 0, 0, 39, 39, 1, 0.00%, 0, 0, 2, 18.76, 4786, 151
260, 0, 0, 39, 39, 1, 0.00%, 0, 0, 2, 18.88, 4882, 151
265, 0, 0, 39, 39, 1, 0.00%, 0, 0, 2, 19.20, 4982, 151
271, 0, 0, 39, 39, 1, 0.00%, 0, 0, 2, 19.20, 5082, 151
276, 0, 0, 41, 41, 1, 0.00%, 0, 0, 2, 18.83, 5177, 151
281, 0, 0, 41, 41, 1, 0.00%, 0, 0, 2, 19.26, 5274, 151
286, 0, 6, 41, 40, 19, 0.00%, 0, 0, 2, 19.28, 5369, 151
291, 0, 6, 41, 40, 19, 0.00%, 0, 0, 2, 19.43, 5470, 151
296, 0, 8, 41, 39, 18, 0.00%, 0, 0, 2, 19.12, 5566, 151
301, 0, 17, 41, 38, 17, 0.00%, 0, 0, 2, 19.11, 5662, 151
306, 0, 31, 42, 38, 16, 0.00%, 0, 0, 3, 18.80, 5756, 151
311, 0, 31, 43, 39, 16, 0.00%, 1, 0, 3, 19.01, 5850, 153
316, 0, 11, 43, 38, 15, 0.00%, 1, 0, 3, 18.55, 5946, 153
321, 0, 11, 43, 38, 15, 0.00%, 1, 0, 3, 18.98, 6042, 153
326, 0, 11, 43, 38, 15, 0.00%, 1, 0, 3, 19.20, 6142, 153
332, 0, 5, 45, 39, 14, 0.00%, 1, 0, 3, 19.25, 6249, 155
337, 0, 5, 45, 39, 14, 0.00%, 1, 0, 3, 18.63, 6343, 155
342, 0, 4, 45, 38, 15, 0.00%, 1, 0, 3, 18.37, 6437, 155
347, 0, 4, 45, 38, 15, 0.00%, 1, 0, 3, 19.09, 6537, 155
352, 0, 24, 45, 37, 14, 0.00%, 1, 0, 3, 18.83, 6632, 155
358, 0, 24, 46, 38, 14, 0.00%, 1, 0, 3, 19.06, 6739, 155
363, 0, 24, 46, 38, 14, 0.00%, 1, 0, 3, 19.08, 6835, 155
368, 0, 9, 47, 38, 13, 0.00%, 1, 0, 3, 18.83, 6930, 155
373, 0, 9, 47, 38, 13, 0.00%, 1, 0, 3, 19.16, 7027, 155
378, 0, 29, 47, 37, 12, 0.00%, 1, 0, 3, 19.04, 7123, 155
383, 0, 29, 47, 37, 12, 0.00%, 1, 0, 3, 19.19, 7219, 155
389, 0, 16, 47, 36, 11, 0.00%, 1, 0, 3, 16.95, 7305, 155
394, 0, 16, 47, 36, 11, 0.00%, 1, 0, 3, 18.24, 7396, 155
399, 0, 13, 47, 35, 10, 0.00%, 1, 0, 3, 18.62, 7491, 155
404, 0, 13, 47, 35, 10, 0.00%, 1, 0, 3, 20.03, 7593, 155
409, 0, 13, 47, 35, 10, 0.00%, 1, 0, 3, 19.38, 7693, 155
414, 0, 10, 49, 36, 9, 0.00%, 1, 0, 3, 18.95, 7786, 155
419, 0, 10, 49, 36, 9, 0.00%, 1, 0, 3, 19.11, 7882, 155
424, 0, 37, 49, 35, 8, 0.00%, 1, 0, 3, 18.30, 7973, 155
429, 0, 37, 49, 35, 8, 0.00%, 1, 0, 3, 18.95, 8069, 155
434, 0, 37, 50, 36, 8, 0.00%, 1, 0, 3, 18.93, 8166, 155
439, 0, 25, 50, 35, 7, 0.00%, 1, 0, 3, 18.71, 8260, 155
445, 0, 25, 50, 35, 7, 0.00%, 1, 0, 3, 19.10, 8360, 155
450, 0, 42, 50, 34, 6, 0.00%, 1, 0, 3, 18.77, 8454, 155
455, 0, 42, 50, 34, 6, 0.00%, 1, 0, 3, 18.99, 8550, 155
460, 0, 42, 50, 34, 6, 0.00%, 1, 0, 3, 18.97, 8645, 155
465, 0, 32, 50, 33, 5, 0.00%, 1, 0, 3, 18.48, 8739, 155
470, 0, 32, 50, 33, 5, 0.00%, 1, 0, 3, 18.99, 8835, 155
475, 0, 32, 51, 34, 5, 0.00%, 1, 0, 3, 18.91, 8929, 155
480, 0, 47, 51, 33, 4, 0.00%, 1, 0, 3, 18.83, 9023, 155
485, 0, 47, 51, 33, 4, 0.00%, 1, 0, 3, 19.03, 9119, 155
490, 0, 40, 51, 32, 3, 0.00%, 1, 0, 3, 18.72, 9214, 155
495, 0, 40, 51, 32, 3, 0.00%, 1, 0, 3, 18.24, 9308, 155
500, 0, 6, 51, 31, 2, 0.00%, 1, 0, 3, 18.22, 9403, 155
506, 0, 6, 52, 32, 2, 0.00%, 1, 0, 3, 18.81, 9498, 156
511, 0, 6, 54, 34, 2, 0.00%, 1, 0, 3, 18.87, 9592, 156
516, 0, 22, 54, 34, 3, 0.00%, 1, 0, 3, 18.51, 9688, 156
521, 0, 22, 54, 34, 3, 0.00%, 1, 0, 3, 18.96, 9783, 156
526, 0, 22, 54, 34, 3, 0.00%, 1, 0, 3, 19.04, 9879, 156
531, 0, 43, 54, 33, 2, 0.00%, 1, 0, 3, 19.03, 9975, 156
536, 0, 43, 54, 33, 2, 0.00%, 1, 0, 3, 18.98, 10071, 156
541, 0, 4, 54, 32, 1, 0.00%, 1, 0, 3, 18.63, 10165, 156
546, 0, 4, 55, 33, 1, 0.00%, 1, 0, 3, 18.97, 10261, 156
551, 0, 4, 55, 33, 1, 0.00%, 1, 0, 3, 19.23, 10361, 156
556, 0, 11, 55, 33, 1, 0.00%, 1, 0, 3, 19.15, 10457, 156
561, 0, 11, 55, 33, 1, 0.00%, 1, 0, 3, 19.13, 10553, 156
567, 0, 51, 57, 35, 1, 0.00%, 1, 0, 4, 18.86, 10648, 158
572, 0, 51, 57, 35, 1, 0.00%, 1, 0, 4, 19.05, 10744, 158
577, 0, 51, 57, 35, 1, 0.00%, 1, 0, 4, 19.20, 10840, 158
582, 0, 55, 58, 35, 2, 0.00%, 1, 0, 5, 18.83, 10936, 159
587, 0, 55, 58, 35, 2, 0.00%, 1, 0, 5, 19.14, 11032, 159
592, 0, 55, 58, 35, 2, 0.00%, 1, 0, 5, 19.33, 11132, 159
597, 0, 56, 58, 34, 2, 0.00%, 1, 0, 5, 19.23, 11230, 159
598, 0, 56, 59, 35, 2, 0.00%, 1, 0, 5, 0.00, 11244, 159
